time,motor_angle,motor_target,pendulum_angle,pendulum_target,rpm,rpm_target,voltage,current
0.993,142.73,0,0.0,0,0,0,0,0
0.994,142.73,0,2.63,0,0,0,0.0,0
0.996,-0.17,0,0.0,0,0,0,0.0,415
0.997,-0.87,0,-0.17,0,0,0,0.0,4
0.999,-0.87,0,-0.17,0,0,0,0.0,3
1.0,-0.87,0,-0.17,0,0,0,0.0,2
1.001,-1.05,0,-0.35000000000000003,0,25,0,0.0,1
1.002,-0.87,0,-0.35000000000000003,0,25,0,0.0,0
1.003,-1.05,0,-0.52,0,-54,0,0.0,1
1.004,-1.05,0,-0.52,0,-50,0,0.0,0
1.006,-1.05,0,-0.52,0,-34,0,0.0,0
1.007,-1.23,0,-0.7000000000000001,0,-25,0,0.0,0
1.008,-1.23,0,-0.7000000000000001,0,-20,0,0.0,0
1.009,-1.23,0,-0.7000000000000001,0,-17,0,0.0,1
1.01,-1.4,0,-0.87,0,-14,0,0.0,0
1.012,-1.4,0,-0.87,0,-12,0,0.0,0
1.013,-1.4,0,-1.05,0,-10,0,0.0,0
1.015,-1.4,0,-1.05,0,-9,0,0.0,0
1.016,-1.4,0,-1.23,0,-8,0,0.0,0
1.018,-1.58,0,-1.23,0,-7,0,0.0,0
1.019,-1.58,0,-1.23,0,-7,0,0.0,0
1.021,-1.58,0,-1.4,0,-6,0,0.0,0
1.022,-1.58,0,-1.4,0,-6,0,0.0,0
1.023,-1.58,0,-1.4,0,-5,0,0.0,0
1.024,-1.75,0,-1.58,0,-5,0,0.0,0
1.025,-1.75,0,-1.58,0,-5,0,0.0,0
1.026,-1.75,0,-1.75,0,-5,0,0.0,0
1.028,-1.75,0,-1.75,0,-5,0,0.0,0
1.029,-1.75,0,-1.75,0,-5,0,0.0,0
1.03,-1.75,0,-1.9300000000000002,0,-5,0,0.0,0
1.031,-1.9300000000000002,0,-1.9300000000000002,0,-5,0,0.0,0
1.032,-1.9300000000000002,0,-1.9300000000000002,0,-5,0,0.0,0
1.033,-1.9300000000000002,0,-1.9300000000000002,0,-5,0,0.0,0
2.187,-1.9300000000000002,0,-1.9300000000000002,0,-5,0,0.0,0
2.194,-1.9300000000000002,0,-2.1,0,-5,0,0.0,0
2.2,-0.7000000000000001,0,-1.58,0,0,0,0.0,0
2.212,-0.7000000000000001,0,-1.75,0,0,0,0.0,0
2.222,-0.7000000000000001,0,-1.9300000000000002,0,0,0,0.0,0
2.224,-0.7000000000000001,0,-1.9300000000000002,0,0,0,0.0,0
2.225,-0.7000000000000001,0,-2.1,0,0,0,0.0,0
2.23,-0.7000000000000001,0,-2.2800000000000002,0,0,0,0.0,0
2.232,-0.7000000000000001,0,-2.2800000000000002,0,0,0,0.0,0
2.238,-0.7000000000000001,0,-2.2800000000000002,0,0,0,0.0,0
2.24,-0.7000000000000001,0,-2.46,0,0,0,0.0,0
2.243,-0.7000000000000001,0,-2.46,0,0,0,0.0,0
2.246,-0.7000000000000001,0,-2.46,0,0,0,0.0,0
2.249,-0.7000000000000001,0,-2.63,0,0,0,0.0,0
2.253,-0.7000000000000001,0,-2.63,0,0,0,0.0,0
2.255,-0.7000000000000001,0,-2.63,0,0,0,0.0,0
2.898,-0.7000000000000001,0,-2.81,0,0,0,0.0,0
2.9,-0.7000000000000001,0,-2.81,0,0,0,0.0,0
2.901,-0.7000000000000001,0,-3.86,0,0,0,0.0,0
2.902,-0.7000000000000001,0,-4.04,0,0,0,0.0,0
2.903,-0.7000000000000001,0,-4.04,0,0,0,0.0,0
2.903,-0.7000000000000001,0,-4.04,0,0,0,0.0,0
2.904,-0.7000000000000001,0,-4.04,0,0,0,0.0,0
2.906,-0.7000000000000001,0,-4.04,0,0,0,0.0,0
2.907,-0.7000000000000001,0,-4.04,0,0,0,0.0,0
2.908,-0.7000000000000001,0,-4.04,0,0,0,0.0,0
2.909,-0.7000000000000001,0,-4.04,0,0,0,0.0,0
2.91,-0.7000000000000001,0,-4.04,0,0,0,0.0,0
2.911,-0.7000000000000001,0,-4.04,0,0,0,0.0,0
2.911,-0.7000000000000001,0,-4.04,0,0,0,0.0,0
2.912,-0.7000000000000001,0,-4.04,0,0,0,0.0,0
2.913,-0.7000000000000001,0,-4.04,0,0,0,0.0,0
2.914,-0.7000000000000001,0,-4.04,0,0,0,0.0,0
2.915,-0.7000000000000001,0,-4.04,0,0,0,0.0,0
2.916,-0.7000000000000001,0,-4.04,0,0,0,0.0,0
2.917,-0.7000000000000001,0,-4.04,0,0,0,0.0,0
2.918,-0.7000000000000001,0,-4.04,0,0,0,0.0,0
2.918,-0.7000000000000001,0,-4.04,0,0,0,0.0,0
2.919,-0.7000000000000001,0,-4.04,0,0,0,0.0,0
2.919,-0.7000000000000001,0,-4.04,0,0,0,0.0,0
2.921,-0.7000000000000001,0,-4.04,0,0,0,0.0,0
2.922,-0.7000000000000001,0,-4.04,0,0,0,0.0,0
2.937,-0.7000000000000001,0,-4.04,0,0,0,0.0,0
2.955,-0.7000000000000001,0,-4.04,0,0,0,0.0,0
2.956,-0.7000000000000001,0,-4.21,0,0,0,0.0,0
2.957,-0.7000000000000001,0,-4.21,0,0,0,0.0,0
2.957,-0.7000000000000001,0,-4.21,0,0,0,0.0,0
2.958,-0.7000000000000001,0,-4.21,0,0,0,0.0,0
2.96,-0.7000000000000001,0,-4.21,0,0,0,0.0,0
2.961,-0.7000000000000001,0,-4.21,0,0,0,0.0,0
2.961,-0.7000000000000001,0,-4.21,0,0,0,0.0,0
2.962,-0.7000000000000001,0,-4.21,0,0,0,0.0,0
2.962,-0.7000000000000001,0,-4.21,0,0,0,0.0,0
2.963,-0.7000000000000001,0,-4.21,0,0,0,0.0,0
2.963,-0.7000000000000001,0,-4.21,0,0,0,0.0,0
2.964,-0.7000000000000001,0,-4.21,0,0,0,0.0,0
2.965,-0.7000000000000001,0,-4.21,0,0,0,0.0,0
2.966,-0.7000000000000001,0,-4.21,0,0,0,0.0,0
2.967,-0.7000000000000001,0,-4.21,0,0,0,0.0,0
2.967,-0.7000000000000001,0,-4.21,0,0,0,0.0,0
2.968,-0.7000000000000001,0,-4.21,0,0,0,0.0,0
2.969,-0.7000000000000001,0,-4.21,0,0,0,0.0,0
2.969,-0.7000000000000001,0,-4.21,0,0,0,0.0,0
2.97,-0.7000000000000001,0,-4.21,0,0,0,0.0,0
2.97,-0.7000000000000001,0,-4.21,0,0,0,0.0,0
2.972,-0.7000000000000001,0,-4.21,0,0,0,0.0,0
2.973,-0.7000000000000001,0,-4.21,0,0,0,0.0,0
2.973,-0.7000000000000001,0,-4.21,0,0,0,0.0,0
2.974,-0.7000000000000001,0,-4.21,0,0,0,0.0,0
2.975,-0.7000000000000001,0,-4.21,0,0,0,0.0,0
2.975,-0.7000000000000001,0,-4.21,0,0,0,0.0,0
2.977,-0.7000000000000001,0,-4.21,0,0,0,0.0,0
2.98,-0.7000000000000001,0,-4.21,0,0,0,0.0,0
2.983,-0.7000000000000001,0,-4.21,0,0,0,0.0,0
2.985,-0.7000000000000001,0,-4.21,0,0,0,0.0,0
2.987,-0.7000000000000001,0,-4.21,0,0,0,0.0,0
2.988,-0.7000000000000001,0,-4.21,0,0,0,0.0,0
2.99,-0.7000000000000001,0,-4.21,0,0,0,0.0,0
2.991,-0.7000000000000001,0,-4.21,0,0,0,0.0,0
2.993,-0.7000000000000001,0,-4.21,0,0,0,0.0,0
3.002,-0.7000000000000001,0,-4.21,0,0,0,0.0,0
3.008,-0.7000000000000001,0,-4.21,0,0,0,0.0,0
3.01,-0.7000000000000001,0,-4.04,0,0,0,0.0,0
3.016,-0.7000000000000001,0,-4.04,0,0,0,0.0,0
3.021,-0.7000000000000001,0,-4.04,0,0,0,0.0,0
3.025,-0.7000000000000001,0,-4.04,0,0,0,0.0,0
3.033,-0.7000000000000001,0,-4.04,0,0,0,0.0,0
3.052,-0.7000000000000001,0,-3.86,0,0,0,0.0,0
3.057,-0.7000000000000001,0,-3.69,0,0,0,0.0,0
3.062,-0.7000000000000001,0,-3.51,0,0,0,0.0,0
3.067,-0.7000000000000001,0,-3.33,0,0,0,0.0,0
3.073,-0.7000000000000001,0,-3.33,0,0,0,0.0,0
3.082,-0.7000000000000001,0,-3.33,0,0,0,0.0,0
3.086,-0.7000000000000001,0,-3.16,0,0,0,0.0,0
3.087,-0.7000000000000001,0,-2.98,0,0,0,0.0,0
3.088,-0.7000000000000001,0,-2.98,0,0,0,0.0,0
3.089,-0.7000000000000001,0,-2.98,0,0,0,0.0,0
3.089,-0.7000000000000001,0,-2.98,0,0,0,0.0,0
3.09,-0.7000000000000001,0,-2.98,0,0,0,0.0,0
3.092,-0.7000000000000001,0,-2.98,0,0,0,0.0,0
3.092,-0.7000000000000001,0,-2.98,0,0,0,0.0,0
3.093,-0.7000000000000001,0,-2.98,0,0,0,0.0,0
3.094,-0.7000000000000001,0,-2.81,0,0,0,0.0,0
3.095,-0.7000000000000001,0,-2.81,0,0,0,0.0,0
3.095,-0.7000000000000001,0,-2.81,0,0,0,0.0,0
3.096,-0.7000000000000001,0,-2.81,0,0,0,0.0,0
3.098,-0.7000000000000001,0,-2.81,0,0,0,0.0,0
3.098,-0.7000000000000001,0,-2.81,0,0,0,0.0,0
3.1,-0.7000000000000001,0,-2.81,0,0,0,0.0,0
3.101,-0.7000000000000001,0,-2.81,0,0,0,0.0,0
3.101,-0.7000000000000001,0,-2.81,0,0,0,0.0,0
3.102,-0.7000000000000001,0,-2.63,0,0,0,0.0,0
3.103,-0.7000000000000001,0,-2.63,0,0,0,0.0,0
3.104,-0.7000000000000001,0,-2.63,0,0,0,0.0,0
3.105,-0.7000000000000001,0,-2.63,0,0,0,0.0,0
3.106,-0.7000000000000001,0,-2.63,0,0,0,0.0,0
3.107,-0.7000000000000001,0,-2.63,0,0,0,0.0,0
3.108,-0.7000000000000001,0,-2.63,0,0,0,0.0,0
3.11,-0.7000000000000001,0,-2.63,0,0,0,0.0,0
3.11,-0.7000000000000001,0,-2.63,0,0,0,0.0,0
3.111,-0.7000000000000001,0,-2.63,0,0,0,0.0,0
3.112,-0.7000000000000001,0,-2.63,0,0,0,0.0,0
3.113,-0.7000000000000001,0,-2.63,0,0,0,0.0,0
3.115,-0.7000000000000001,0,-2.63,0,0,0,0.0,0
3.116,-0.7000000000000001,0,-2.63,0,0,0,0.0,0
3.117,-0.7000000000000001,0,-2.46,0,0,0,0.0,0
3.118,-0.7000000000000001,0,-2.46,0,0,0,0.0,0
3.119,-0.7000000000000001,0,-2.46,0,0,0,0.0,0
3.12,-0.7000000000000001,0,-2.46,0,0,0,0.0,0
3.121,-0.7000000000000001,0,-2.46,0,0,0,0.0,0
3.122,-0.7000000000000001,0,-2.46,0,0,0,0.0,0
3.124,-0.7000000000000001,0,-2.46,0,0,0,0.0,0
3.125,-0.7000000000000001,0,-2.46,0,0,0,0.0,0
3.126,-0.7000000000000001,0,-2.46,0,0,0,0.0,0
3.127,-0.7000000000000001,0,-2.2800000000000002,0,0,0,0.0,0
3.129,-0.7000000000000001,0,-2.2800000000000002,0,0,0,0.0,0
3.141,-0.7000000000000001,0,-2.2800000000000002,0,0,0,0.0,0
3.151,-0.7000000000000001,0,-2.2800000000000002,0,0,0,0.0,0
3.158,-0.7000000000000001,0,-1.9300000000000002,0,0,0,0.0,0
3.163,-0.7000000000000001,0,-1.9300000000000002,0,0,0,0.0,0
3.173,-0.7000000000000001,0,-1.75,0,0,0,0.0,0
3.177,-0.7000000000000001,0,-1.75,0,0,0,0.0,0
3.184,-0.7000000000000001,0,-1.58,0,0,0,0.0,0
3.202,-0.7000000000000001,0,-1.58,0,0,0,0.0,0
3.208,-0.7000000000000001,0,-1.4,0,0,0,0.0,0
3.211,-0.7000000000000001,0,-1.23,0,0,0,0.0,0
3.212,-0.7000000000000001,0,-1.23,0,0,0,0.0,0
3.213,-0.7000000000000001,0,-1.23,0,0,0,0.0,0
3.214,-0.7000000000000001,0,-1.23,0,0,0,0.0,0
3.215,-0.7000000000000001,0,-1.23,0,0,0,0.0,0
3.216,-0.7000000000000001,0,-1.23,0,0,0,0.0,0
3.217,-0.7000000000000001,0,-1.23,0,0,0,0.0,0
3.218,-0.7000000000000001,0,-1.23,0,0,0,0.0,0
3.219,-0.7000000000000001,0,-1.23,0,0,0,0.0,0
3.22,-0.7000000000000001,0,-1.23,0,0,0,0.0,0
3.221,-0.7000000000000001,0,-1.23,0,0,0,0.0,0
3.222,-0.7000000000000001,0,-1.23,0,0,0,0.0,0
3.223,-0.7000000000000001,0,-1.23,0,0,0,0.0,0
3.224,-0.7000000000000001,0,-1.23,0,0,0,0.0,0
3.225,-0.7000000000000001,0,-1.23,0,0,0,0.0,0
3.226,-0.7000000000000001,0,-1.23,0,0,0,0.0,0
3.226,-0.7000000000000001,0,-1.23,0,0,0,0.0,0
3.227,-0.7000000000000001,0,-1.23,0,0,0,0.0,0
3.228,-0.7000000000000001,0,-1.23,0,0,0,0.0,0
3.229,-0.7000000000000001,0,-1.23,0,0,0,0.0,0
3.229,-0.7000000000000001,0,-1.23,0,0,0,0.0,0
3.23,-0.7000000000000001,0,-1.23,0,0,0,0.0,0
3.231,-0.7000000000000001,0,-1.23,0,0,0,0.0,0
3.231,-0.7000000000000001,0,-1.23,0,0,0,0.0,0
3.232,-0.7000000000000001,0,-1.23,0,0,0,0.0,0
3.233,-0.7000000000000001,0,-1.23,0,0,0,0.0,0
3.233,-0.7000000000000001,0,-1.23,0,0,0,0.0,0
3.234,-0.7000000000000001,0,-1.23,0,0,0,0.0,0
3.234,-0.7000000000000001,0,-1.23,0,0,0,0.0,0
3.235,-0.7000000000000001,0,-1.23,0,0,0,0.0,0
3.236,-0.7000000000000001,0,-1.23,0,0,0,0.0,0
3.236,-0.7000000000000001,0,-1.23,0,0,0,0.0,0
3.237,-0.7000000000000001,0,-1.23,0,0,0,0.0,0
3.237,-0.7000000000000001,0,-1.23,0,0,0,0.0,0
3.238,-0.7000000000000001,0,-1.23,0,0,0,0.0,0
3.239,-0.7000000000000001,0,-1.23,0,0,0,0.0,0
3.244,-0.7000000000000001,0,-1.23,0,0,0,0.0,0
3.249,-0.7000000000000001,0,-1.23,0,0,0,0.0,0
3.255,-0.7000000000000001,0,-1.23,0,0,0,0.0,0
3.258,-0.7000000000000001,0,-1.23,0,0,0,0.0,0
3.26,-0.7000000000000001,0,-1.23,0,0,0,0.0,0
3.263,-0.7000000000000001,0,-1.23,0,0,0,0.0,0
3.27,-0.7000000000000001,0,-1.23,0,0,0,0.0,0
3.273,-0.7000000000000001,0,-1.23,0,0,0,0.0,0
3.277,-0.7000000000000001,0,-1.23,0,0,0,0.0,0
3.278,-0.7000000000000001,0,-1.23,0,0,0,0.0,0
3.279,-0.7000000000000001,0,-1.23,0,0,0,0.0,0
3.279,-0.7000000000000001,0,-1.23,0,0,0,0.0,0
3.28,-0.7000000000000001,0,-1.23,0,0,0,0.0,0
3.281,-0.7000000000000001,0,-1.23,0,0,0,0.0,0
3.281,-0.7000000000000001,0,-1.23,0,0,0,0.0,0
3.282,-0.7000000000000001,0,-1.23,0,0,0,0.0,0
3.283,-0.7000000000000001,0,-1.23,0,0,0,0.0,0
3.283,-0.7000000000000001,0,-1.23,0,0,0,0.0,0
3.285,-0.7000000000000001,0,-1.23,0,0,0,0.0,0
3.285,-0.7000000000000001,0,-1.23,0,0,0,0.0,0
3.286,-0.7000000000000001,0,-1.23,0,0,0,0.0,0
3.287,-0.7000000000000001,0,-1.23,0,0,0,0.0,0
3.287,-0.7000000000000001,0,-1.23,0,0,0,0.0,0
3.288,-0.7000000000000001,0,-1.23,0,0,0,0.0,0
3.288,-0.7000000000000001,0,-1.23,0,0,0,0.0,0
3.289,-0.7000000000000001,0,-1.23,0,0,0,0.0,0
3.29,-0.7000000000000001,0,-1.23,0,0,0,0.0,0
3.29,-0.7000000000000001,0,-1.23,0,0,0,0.0,0
3.291,-0.7000000000000001,0,-1.23,0,0,0,0.0,0
3.291,-0.7000000000000001,0,-1.23,0,0,0,0.0,0
3.292,-0.7000000000000001,0,-1.23,0,0,0,0.0,0
3.293,-0.7000000000000001,0,-1.23,0,0,0,0.0,0
3.293,-0.7000000000000001,0,-1.23,0,0,0,0.0,0
3.294,-0.7000000000000001,0,-1.23,0,0,0,0.0,0
3.294,-0.7000000000000001,0,-1.23,0,0,0,0.0,0
3.295,-0.7000000000000001,0,-1.23,0,0,0,0.0,0
3.296,-0.7000000000000001,0,-1.4,0,0,0,0.0,0
3.296,-0.7000000000000001,0,-1.4,0,0,0,0.0,0
3.297,-0.7000000000000001,0,-1.4,0,0,0,0.0,0
3.297,-0.7000000000000001,0,-1.4,0,0,0,0.0,0
3.298,-0.7000000000000001,0,-1.4,0,0,0,0.0,0
3.299,-0.7000000000000001,0,-1.4,0,0,0,0.0,0
3.3,-0.7000000000000001,0,-1.4,0,0,0,0.0,0
3.3,-0.7000000000000001,0,-1.4,0,0,0,0.0,0
3.301,-0.7000000000000001,0,-1.4,0,0,0,0.0,0
3.302,-0.7000000000000001,0,-1.4,0,0,0,0.0,0
3.302,-0.7000000000000001,0,-1.4,0,0,0,0.0,0
3.303,-0.7000000000000001,0,-1.4,0,0,0,0.0,0
3.304,-0.7000000000000001,0,-1.4,0,0,0,0.0,0
3.304,-0.7000000000000001,0,-1.4,0,0,0,0.0,0
3.305,-0.7000000000000001,0,-1.4,0,0,0,0.0,0
3.305,-0.7000000000000001,0,-1.4,0,0,0,0.0,0
3.306,-0.7000000000000001,0,-1.4,0,0,0,0.0,0
3.306,-0.7000000000000001,0,-1.4,0,0,0,0.0,0
3.307,-0.7000000000000001,0,-1.4,0,0,0,0.0,0
3.308,-0.7000000000000001,0,-1.4,0,0,0,0.0,0
3.308,-0.7000000000000001,0,-1.4,0,0,0,0.0,0
3.31,-0.7000000000000001,0,-1.4,0,0,0,0.0,0
3.31,-0.7000000000000001,0,-1.4,0,0,0,0.0,0
3.311,-0.7000000000000001,0,-1.58,0,0,0,0.0,0
3.312,-0.7000000000000001,0,-1.58,0,0,0,0.0,0
3.312,-0.7000000000000001,0,-1.58,0,0,0,0.0,0
3.313,-0.7000000000000001,0,-1.58,0,0,0,0.0,0
3.313,-0.7000000000000001,0,-1.58,0,0,0,0.0,0
3.314,-0.7000000000000001,0,-1.58,0,0,0,0.0,0
3.315,-0.7000000000000001,0,-1.58,0,0,0,0.0,0
3.315,-0.7000000000000001,0,-1.58,0,0,0,0.0,0
3.316,-0.7000000000000001,0,-1.58,0,0,0,0.0,0
3.317,-0.7000000000000001,0,-1.58,0,0,0,0.0,0
3.318,-0.7000000000000001,0,-1.58,0,0,0,0.0,0
3.318,-0.7000000000000001,0,-1.58,0,0,0,0.0,0
3.319,-0.7000000000000001,0,-1.58,0,0,0,0.0,0
3.319,-0.7000000000000001,0,-1.58,0,0,0,0.0,0
3.32,-0.7000000000000001,0,-1.58,0,0,0,0.0,0
3.32,-0.7000000000000001,0,-1.58,0,0,0,0.0,0
3.32,-0.7000000000000001,0,-1.58,0,0,0,0.0,0
3.322,-0.7000000000000001,0,-1.58,0,0,0,0.0,0
3.323,-0.7000000000000001,0,-1.58,0,0,0,0.0,0
3.323,-0.7000000000000001,0,-1.58,0,0,0,0.0,0
3.324,-0.7000000000000001,0,-1.75,0,0,0,0.0,0
3.324,-0.7000000000000001,0,-1.75,0,0,0,0.0,0
3.325,-0.7000000000000001,0,-1.75,0,0,0,0.0,0
3.325,-0.7000000000000001,0,-1.75,0,0,0,0.0,0
3.326,-0.7000000000000001,0,-1.75,0,0,0,0.0,0
3.327,-0.7000000000000001,0,-1.75,0,0,0,0.0,0
3.327,-0.7000000000000001,0,-1.75,0,0,0,0.0,0
3.328,-0.7000000000000001,0,-1.75,0,0,0,0.0,0
3.328,-0.7000000000000001,0,-1.75,0,0,0,0.0,0
3.329,-0.7000000000000001,0,-1.75,0,0,0,0.0,0
3.329,-0.7000000000000001,0,-1.75,0,0,0,0.0,0
3.33,-0.7000000000000001,0,-1.75,0,0,0,0.0,0
3.331,-0.7000000000000001,0,-1.75,0,0,0,0.0,0
3.331,-0.7000000000000001,0,-1.75,0,0,0,0.0,0
3.332,-0.7000000000000001,0,-1.75,0,0,0,0.0,0
3.332,-0.7000000000000001,0,-1.75,0,0,0,0.0,0
3.333,-0.7000000000000001,0,-1.75,0,0,0,0.0,0
3.334,-0.7000000000000001,0,-1.75,0,0,0,0.0,0
3.334,-0.7000000000000001,0,-1.75,0,0,0,0.0,0
3.335,-0.7000000000000001,0,-1.75,0,0,0,0.0,0
3.336,-0.7000000000000001,0,-1.75,0,0,0,0.0,0
3.336,-0.7000000000000001,0,-1.9300000000000002,0,0,0,0.0,0
3.337,-0.7000000000000001,0,-1.9300000000000002,0,0,0,0.0,0
3.337,-0.7000000000000001,0,-1.9300000000000002,0,0,0,0.0,0
3.338,-0.7000000000000001,0,-1.9300000000000002,0,0,0,0.0,0
3.339,-0.7000000000000001,0,-1.9300000000000002,0,0,0,0.0,0
3.339,-0.7000000000000001,0,-1.9300000000000002,0,0,0,0.0,0
3.34,-0.7000000000000001,0,-1.9300000000000002,0,0,0,0.0,0
3.34,-0.7000000000000001,0,-1.9300000000000002,0,0,0,0.0,0
3.341,-0.7000000000000001,0,-1.9300000000000002,0,0,0,0.0,0
3.341,-0.7000000000000001,0,-1.9300000000000002,0,0,0,0.0,0
3.342,-0.7000000000000001,0,-1.9300000000000002,0,0,0,0.0,0
3.342,-0.7000000000000001,0,-1.9300000000000002,0,0,0,0.0,0
3.343,-0.7000000000000001,0,-1.9300000000000002,0,0,0,0.0,0
3.344,-0.7000000000000001,0,-1.9300000000000002,0,0,0,0.0,0
3.344,-0.7000000000000001,0,-1.9300000000000002,0,0,0,0.0,0
3.345,-0.7000000000000001,0,-1.9300000000000002,0,0,0,0.0,0
3.345,-0.7000000000000001,0,-1.9300000000000002,0,0,0,0.0,0
3.355,-0.7000000000000001,0,-1.9300000000000002,0,0,0,0.0,0
3.356,-0.7000000000000001,0,-1.9300000000000002,0,0,0,0.0,0
3.358,-0.7000000000000001,0,-2.1,0,0,0,0.0,0
3.362,-0.7000000000000001,0,-2.1,0,0,0,0.0,0
3.367,-0.7000000000000001,0,-2.2800000000000002,0,0,0,0.0,0
3.374,-0.7000000000000001,0,-2.2800000000000002,0,0,0,0.0,0
3.38,-0.7000000000000001,0,-2.2800000000000002,0,0,0,0.0,0
3.388,-0.7000000000000001,0,-2.46,0,0,0,0.0,0
3.392,-0.7000000000000001,0,-2.63,0,0,0,0.0,0
3.395,-0.7000000000000001,0,-2.63,0,0,0,0.0,0
3.396,-0.7000000000000001,0,-2.81,0,0,0,0.0,0
3.396,-0.7000000000000001,0,-2.81,0,0,0,0.0,0
3.397,-0.7000000000000001,0,-2.81,0,0,0,0.0,0
3.398,-0.7000000000000001,0,-2.81,0,0,0,0.0,0
3.399,-0.7000000000000001,0,-2.81,0,0,0,0.0,0
3.399,-0.7000000000000001,0,-2.81,0,0,0,0.0,0
3.4,-0.7000000000000001,0,-2.81,0,0,0,0.0,0
3.401,-0.7000000000000001,0,-2.81,0,0,0,0.0,0
3.401,-0.7000000000000001,0,-2.81,0,0,0,0.0,0
3.402,-0.7000000000000001,0,-2.81,0,0,0,0.0,0
3.403,-0.7000000000000001,0,-2.81,0,0,0,0.0,0
3.403,-0.7000000000000001,0,-2.81,0,0,0,0.0,0
3.404,-0.7000000000000001,0,-2.81,0,0,0,0.0,0
3.404,-0.7000000000000001,0,-2.98,0,0,0,0.0,0
3.404,-0.7000000000000001,0,-2.98,0,0,0,0.0,0
3.405,-0.7000000000000001,0,-2.98,0,0,0,0.0,0
3.406,-0.7000000000000001,0,-2.98,0,0,0,0.0,0
3.406,-0.7000000000000001,0,-2.98,0,0,0,0.0,0
3.407,-0.7000000000000001,0,-2.98,0,0,0,0.0,0
3.407,-0.7000000000000001,0,-2.98,0,0,0,0.0,0
3.408,-0.7000000000000001,0,-2.98,0,0,0,0.0,0
3.408,-0.7000000000000001,0,-2.98,0,0,0,0.0,0
3.409,-0.7000000000000001,0,-2.98,0,0,0,0.0,0
3.41,-0.7000000000000001,0,-2.98,0,0,0,0.0,0
3.411,-0.7000000000000001,0,-2.98,0,0,0,0.0,0
3.411,-0.7000000000000001,0,-2.98,0,0,0,0.0,0
3.412,-0.7000000000000001,0,-2.98,0,0,0,0.0,0
3.413,-0.7000000000000001,0,-2.98,0,0,0,0.0,0
3.413,-0.7000000000000001,0,-3.16,0,0,0,0.0,0
3.415,-0.7000000000000001,0,-3.16,0,0,0,0.0,0
3.416,-0.7000000000000001,0,-3.16,0,0,0,0.0,0
3.416,-0.7000000000000001,0,-3.16,0,0,0,0.0,0
3.417,-0.7000000000000001,0,-3.16,0,0,0,0.0,0
3.418,-0.7000000000000001,0,-3.16,0,0,0,0.0,0
3.418,-0.7000000000000001,0,-3.16,0,0,0,0.0,0
3.419,-0.7000000000000001,0,-3.16,0,0,0,0.0,0
3.42,-0.7000000000000001,0,-3.16,0,0,0,0.0,0
3.42,-0.7000000000000001,0,-3.16,0,0,0,0.0,0
3.421,-0.7000000000000001,0,-3.16,0,0,0,0.0,0
3.422,-0.7000000000000001,0,-3.16,0,0,0,0.0,0
3.423,-0.7000000000000001,0,-3.16,0,0,0,0.0,0
3.423,-0.7000000000000001,0,-3.16,0,0,0,0.0,0
3.424,-0.7000000000000001,0,-3.16,0,0,0,0.0,0
3.424,-0.7000000000000001,0,-3.33,0,0,0,0.0,0
3.425,-0.7000000000000001,0,-3.33,0,0,0,0.0,0
3.425,-0.7000000000000001,0,-3.33,0,0,0,0.0,0
3.426,-0.7000000000000001,0,-3.33,0,0,0,0.0,0
3.426,-0.7000000000000001,0,-3.33,0,0,0,0.0,0
3.427,-0.7000000000000001,0,-3.33,0,0,0,0.0,0
3.428,-0.7000000000000001,0,-3.33,0,0,0,0.0,0
3.428,-0.7000000000000001,0,-3.33,0,0,0,0.0,0
3.429,-0.7000000000000001,0,-3.33,0,0,0,0.0,0
3.43,-0.7000000000000001,0,-3.33,0,0,0,0.0,0
3.431,-0.7000000000000001,0,-3.33,0,0,0,0.0,0
3.431,-0.7000000000000001,0,-3.33,0,0,0,0.0,0
3.432,-0.7000000000000001,0,-3.33,0,0,0,0.0,0
3.432,-0.7000000000000001,0,-3.33,0,0,0,0.0,0
3.433,-0.7000000000000001,0,-3.33,0,0,0,0.0,0
3.433,-0.7000000000000001,0,-3.33,0,0,0,0.0,0
3.434,-0.7000000000000001,0,-3.33,0,0,0,0.0,0
3.435,-0.7000000000000001,0,-3.33,0,0,0,0.0,0
3.435,-0.7000000000000001,0,-3.33,0,0,0,0.0,0
3.436,-0.7000000000000001,0,-3.33,0,0,0,0.0,0
3.436,-0.7000000000000001,0,-3.33,0,0,0,0.0,0
3.437,-0.7000000000000001,0,-3.33,0,0,0,0.0,0
3.438,-0.7000000000000001,0,-3.33,0,0,0,0.0,0
3.438,-0.7000000000000001,0,-3.33,0,0,0,0.0,0
3.439,-0.7000000000000001,0,-3.33,0,0,0,0.0,0
3.44,-0.7000000000000001,0,-3.33,0,0,0,0.0,0
3.44,-0.7000000000000001,0,-3.51,0,0,0,0.0,0
3.441,-0.7000000000000001,0,-3.51,0,0,0,0.0,0
3.441,-0.7000000000000001,0,-3.51,0,0,0,0.0,0
3.442,-0.7000000000000001,0,-3.51,0,0,0,0.0,0
3.442,-0.7000000000000001,0,-3.51,0,0,0,0.0,0
3.443,-0.7000000000000001,0,-3.51,0,0,0,0.0,0
3.443,-0.7000000000000001,0,-3.51,0,0,0,0.0,0
3.444,-0.7000000000000001,0,-3.51,0,0,0,0.0,0
3.445,-0.7000000000000001,0,-3.51,0,0,0,0.0,0
3.445,-0.7000000000000001,0,-3.51,0,0,0,0.0,0
3.446,-0.7000000000000001,0,-3.51,0,0,0,0.0,0
3.446,-0.7000000000000001,0,-3.51,0,0,0,0.0,0
3.448,-0.7000000000000001,0,-3.51,0,0,0,0.0,0
3.449,-0.7000000000000001,0,-3.51,0,0,0,0.0,0
3.449,-0.7000000000000001,0,-3.51,0,0,0,0.0,0
3.449,-0.7000000000000001,0,-3.51,0,0,0,0.0,0
3.45,-0.7000000000000001,0,-3.51,0,0,0,0.0,0
3.45,-0.7000000000000001,0,-3.51,0,0,0,0.0,0
3.451,-0.7000000000000001,0,-3.51,0,0,0,0.0,0
3.452,-0.7000000000000001,0,-3.51,0,0,0,0.0,0
3.452,-0.7000000000000001,0,-3.69,0,0,0,0.0,0
3.453,-0.7000000000000001,0,-3.69,0,0,0,0.0,0
3.453,-0.7000000000000001,0,-3.69,0,0,0,0.0,0
3.453,-0.7000000000000001,0,-3.69,0,0,0,0.0,0
3.454,-0.7000000000000001,0,-3.69,0,0,0,0.0,0
3.454,-0.7000000000000001,0,-3.69,0,0,0,0.0,0
3.455,-0.7000000000000001,0,-3.69,0,0,0,0.0,0
3.456,-0.7000000000000001,0,-3.69,0,0,0,0.0,0
3.456,-0.7000000000000001,0,-3.69,0,0,0,0.0,0
3.456,-0.7000000000000001,0,-3.69,0,0,0,0.0,0
3.457,-0.7000000000000001,0,-3.69,0,0,0,0.0,0
3.457,-0.7000000000000001,0,-3.69,0,0,0,0.0,0
3.458,-0.7000000000000001,0,-3.69,0,0,0,0.0,0
3.458,-0.7000000000000001,0,-3.69,0,0,0,0.0,0
3.459,-0.7000000000000001,0,-3.69,0,0,0,0.0,0
3.459,-0.7000000000000001,0,-3.69,0,0,0,0.0,0
3.46,-0.7000000000000001,0,-3.69,0,0,0,0.0,0
3.46,-0.7000000000000001,0,-3.69,0,0,0,0.0,0
3.461,-0.7000000000000001,0,-3.69,0,0,0,0.0,0
3.47,-0.7000000000000001,0,-3.69,0,0,0,0.0,0
3.472,-0.7000000000000001,0,-3.69,0,0,0,0.0,0
3.474,-0.7000000000000001,0,-3.86,0,0,0,0.0,0
3.477,-0.7000000000000001,0,-3.86,0,0,0,0.0,0
3.48,-0.7000000000000001,0,-3.86,0,0,0,0.0,0
3.484,-0.7000000000000001,0,-3.86,0,0,0,0.0,0
3.486,-0.7000000000000001,0,-4.04,0,0,0,0.0,0
3.487,-0.7000000000000001,0,-4.04,0,0,0,0.0,0
3.492,-0.7000000000000001,0,-4.04,0,0,0,0.0,0
3.495,-0.7000000000000001,0,-4.04,0,0,0,0.0,0
3.501,-0.7000000000000001,0,-4.04,0,0,0,0.0,0
3.502,-0.7000000000000001,0,-4.04,0,0,0,0.0,0
3.504,-0.7000000000000001,0,-4.04,0,0,0,0.0,0
3.504,-0.7000000000000001,0,-4.04,0,0,0,0.0,0
3.505,-0.7000000000000001,0,-4.04,0,0,0,0.0,0
3.505,-0.7000000000000001,0,-4.04,0,0,0,0.0,0
3.506,-0.7000000000000001,0,-4.04,0,0,0,0.0,0
3.507,-0.7000000000000001,0,-4.04,0,0,0,0.0,0
3.507,-0.7000000000000001,0,-4.04,0,0,0,0.0,0
3.508,-0.7000000000000001,0,-4.04,0,0,0,0.0,0
3.508,-0.7000000000000001,0,-4.04,0,0,0,0.0,0
3.509,-0.7000000000000001,0,-4.04,0,0,0,0.0,0
3.509,-0.7000000000000001,0,-4.04,0,0,0,0.0,0
3.51,-0.7000000000000001,0,-4.04,0,0,0,0.0,0
3.51,-0.7000000000000001,0,-4.04,0,0,0,0.0,0
3.511,-0.7000000000000001,0,-4.04,0,0,0,0.0,0
3.512,-0.7000000000000001,0,-4.04,0,0,0,0.0,0
3.512,-0.7000000000000001,0,-4.04,0,0,0,0.0,0
3.513,-0.7000000000000001,0,-4.04,0,0,0,0.0,0
3.514,-0.7000000000000001,0,-4.04,0,0,0,0.0,0
3.514,-0.7000000000000001,0,-4.04,0,0,0,0.0,0
3.515,-0.7000000000000001,0,-4.04,0,0,0,0.0,0
3.515,-0.7000000000000001,0,-4.04,0,0,0,0.0,0
3.516,-0.7000000000000001,0,-4.04,0,0,0,0.0,0
3.517,-0.7000000000000001,0,-4.04,0,0,0,0.0,0
3.517,-0.7000000000000001,0,-4.04,0,0,0,0.0,0
3.518,-0.7000000000000001,0,-4.04,0,0,0,0.0,0
3.518,-0.7000000000000001,0,-4.04,0,0,0,0.0,0
3.519,-0.7000000000000001,0,-4.04,0,0,0,0.0,0
3.519,-0.7000000000000001,0,-4.04,0,0,0,0.0,0
3.52,-0.7000000000000001,0,-4.04,0,0,0,0.0,0
3.52,-0.7000000000000001,0,-4.04,0,0,0,0.0,0
3.52,-0.7000000000000001,0,-4.04,0,0,0,0.0,0
3.522,-0.7000000000000001,0,-4.04,0,0,0,0.0,0
3.523,-0.7000000000000001,0,-4.04,0,0,0,0.0,0
3.523,-0.7000000000000001,0,-4.04,0,0,0,0.0,0
3.524,-0.7000000000000001,0,-4.04,0,0,0,0.0,0
3.524,-0.7000000000000001,0,-4.04,0,0,0,0.0,0
3.525,-0.7000000000000001,0,-4.04,0,0,0,0.0,0
3.525,-0.7000000000000001,0,-4.04,0,0,0,0.0,0
3.526,-0.7000000000000001,0,-4.04,0,0,0,0.0,0
3.526,-0.7000000000000001,0,-4.04,0,0,0,0.0,0
3.527,-0.7000000000000001,0,-4.04,0,0,0,0.0,0
3.527,-0.7000000000000001,0,-4.04,0,0,0,0.0,0
3.528,-0.7000000000000001,0,-4.04,0,0,0,0.0,0
3.529,-0.7000000000000001,0,-4.04,0,0,0,0.0,0
3.529,-0.7000000000000001,0,-4.04,0,0,0,0.0,0
3.53,-0.7000000000000001,0,-4.04,0,0,0,0.0,0
3.53,-0.7000000000000001,0,-4.04,0,0,0,0.0,0
3.53,-0.7000000000000001,0,-4.04,0,0,0,0.0,0
3.531,-0.7000000000000001,0,-4.04,0,0,0,0.0,0
3.532,-0.7000000000000001,0,-4.04,0,0,0,0.0,0
3.532,-0.7000000000000001,0,-4.04,0,0,0,0.0,0
3.533,-0.7000000000000001,0,-4.04,0,0,0,0.0,0
3.533,-0.7000000000000001,0,-4.04,0,0,0,0.0,0
3.534,-0.7000000000000001,0,-4.04,0,0,0,0.0,0
3.534,-0.7000000000000001,0,-4.04,0,0,0,0.0,0
3.535,-0.7000000000000001,0,-4.04,0,0,0,0.0,0
3.535,-0.7000000000000001,0,-4.04,0,0,0,0.0,0
3.536,-0.7000000000000001,0,-4.04,0,0,0,0.0,0
3.536,-0.7000000000000001,0,-4.04,0,0,0,0.0,0
3.537,-0.7000000000000001,0,-4.04,0,0,0,0.0,0
3.537,-0.7000000000000001,0,-4.04,0,0,0,0.0,0
3.538,-0.7000000000000001,0,-4.04,0,0,0,0.0,0
3.539,-0.7000000000000001,0,-4.04,0,0,0,0.0,0
3.539,-0.7000000000000001,0,-4.04,0,0,0,0.0,0
3.54,-0.7000000000000001,0,-4.04,0,0,0,0.0,0
3.54,-0.7000000000000001,0,-4.04,0,0,0,0.0,0
3.54,-0.7000000000000001,0,-4.04,0,0,0,0.0,0
3.541,-0.7000000000000001,0,-4.04,0,0,0,0.0,0
3.541,-0.7000000000000001,0,-4.04,0,0,0,0.0,0
3.542,-0.7000000000000001,0,-4.04,0,0,0,0.0,0
3.542,-0.7000000000000001,0,-4.04,0,0,0,0.0,0
3.543,-0.7000000000000001,0,-4.04,0,0,0,0.0,0
3.544,-0.7000000000000001,0,-4.04,0,0,0,0.0,0
3.544,-0.7000000000000001,0,-4.04,0,0,0,0.0,0
3.545,-0.7000000000000001,0,-4.04,0,0,0,0.0,0
3.545,-0.7000000000000001,0,-4.04,0,0,0,0.0,0
3.546,-0.7000000000000001,0,-4.04,0,0,0,0.0,0
3.546,-0.7000000000000001,0,-4.04,0,0,0,0.0,0
3.547,-0.7000000000000001,0,-4.04,0,0,0,0.0,0
3.547,-0.7000000000000001,0,-4.04,0,0,0,0.0,0
3.548,-0.7000000000000001,0,-4.04,0,0,0,0.0,0
3.548,-0.7000000000000001,0,-4.04,0,0,0,0.0,0
3.549,-0.7000000000000001,0,-4.04,0,0,0,0.0,0
3.549,-0.7000000000000001,0,-4.04,0,0,0,0.0,0
3.55,-0.7000000000000001,0,-4.04,0,0,0,0.0,0
3.55,-0.7000000000000001,0,-4.04,0,0,0,0.0,0
3.551,-0.7000000000000001,0,-4.04,0,0,0,0.0,0
3.551,-0.7000000000000001,0,-4.04,0,0,0,0.0,0
3.552,-0.7000000000000001,0,-4.04,0,0,0,0.0,0
3.552,-0.7000000000000001,0,-4.04,0,0,0,0.0,0
3.553,-0.7000000000000001,0,-4.04,0,0,0,0.0,0
3.553,-0.7000000000000001,0,-4.04,0,0,0,0.0,0
3.554,-0.7000000000000001,0,-4.04,0,0,0,0.0,0
3.554,-0.7000000000000001,0,-4.04,0,0,0,0.0,0
3.555,-0.7000000000000001,0,-4.04,0,0,0,0.0,0
3.555,-0.7000000000000001,0,-4.04,0,0,0,0.0,0
3.556,-0.7000000000000001,0,-4.04,0,0,0,0.0,0
3.556,-0.7000000000000001,0,-4.04,0,0,0,0.0,0
3.557,-0.7000000000000001,0,-4.04,0,0,0,0.0,0
3.557,-0.7000000000000001,0,-4.04,0,0,0,0.0,0
3.558,-0.7000000000000001,0,-4.04,0,0,0,0.0,0
3.558,-0.7000000000000001,0,-4.04,0,0,0,0.0,0
3.559,-0.7000000000000001,0,-4.04,0,0,0,0.0,0
3.559,-0.7000000000000001,0,-4.04,0,0,0,0.0,0
3.56,-0.7000000000000001,0,-4.04,0,0,0,0.0,0
3.56,-0.7000000000000001,0,-4.04,0,0,0,0.0,0
3.561,-0.7000000000000001,0,-4.04,0,0,0,0.0,0
3.561,-0.7000000000000001,0,-4.04,0,0,0,0.0,0
3.562,-0.7000000000000001,0,-4.04,0,0,0,0.0,0
3.562,-0.7000000000000001,0,-4.04,0,0,0,0.0,0
3.563,-0.7000000000000001,0,-4.04,0,0,0,0.0,0
3.565,-0.7000000000000001,0,-4.04,0,0,0,0.0,0
3.565,-0.7000000000000001,0,-4.04,0,0,0,0.0,0
3.565,-0.7000000000000001,0,-4.04,0,0,0,0.0,0
3.566,-0.7000000000000001,0,-4.04,0,0,0,0.0,0
3.566,-0.7000000000000001,0,-4.04,0,0,0,0.0,0
3.567,-0.7000000000000001,0,-4.04,0,0,0,0.0,0
3.567,-0.7000000000000001,0,-4.04,0,0,0,0.0,0
3.568,-0.7000000000000001,0,-4.04,0,0,0,0.0,0
3.572,-0.7000000000000001,0,-4.04,0,0,0,0.0,0
3.576,-0.7000000000000001,0,-4.04,0,0,0,0.0,0
3.579,-0.7000000000000001,0,-4.04,0,0,0,0.0,0
3.583,-0.7000000000000001,0,-4.04,0,0,0,0.0,0
3.585,-0.7000000000000001,0,-4.04,0,0,0,0.0,0
3.588,-0.7000000000000001,0,-4.04,0,0,0,0.0,0
3.59,-0.7000000000000001,0,-3.86,0,0,0,0.0,0
3.593,-0.7000000000000001,0,-3.86,0,0,0,0.0,0
3.595,-0.7000000000000001,0,-3.86,0,0,0,0.0,0
3.597,-0.7000000000000001,0,-3.86,0,0,0,0.0,0
3.602,-0.7000000000000001,0,-3.86,0,0,0,0.0,0
3.605,-0.7000000000000001,0,-3.86,0,0,0,0.0,0
3.609,-0.7000000000000001,0,-3.69,0,0,0,0.0,0
3.611,-0.7000000000000001,0,-3.69,0,0,0,0.0,0
3.614,-0.7000000000000001,0,-3.69,0,0,0,0.0,0
3.618,-0.7000000000000001,0,-3.69,0,0,0,0.0,0
3.619,-0.7000000000000001,0,-3.51,0,0,0,0.0,0
3.621,-0.7000000000000001,0,-3.51,0,0,0,0.0,0
3.621,-0.7000000000000001,0,-3.51,0,0,0,0.0,0
3.622,-0.7000000000000001,0,-3.51,0,0,0,0.0,0
3.622,-0.7000000000000001,0,-3.51,0,0,0,0.0,0
3.623,-0.7000000000000001,0,-3.51,0,0,0,0.0,0
3.623,-0.7000000000000001,0,-3.51,0,0,0,0.0,0
3.624,-0.7000000000000001,0,-3.51,0,0,0,0.0,0
3.624,-0.7000000000000001,0,-3.51,0,0,0,0.0,0
3.625,-0.7000000000000001,0,-3.51,0,0,0,0.0,0
3.625,-0.7000000000000001,0,-3.33,0,0,0,0.0,0
3.626,-0.7000000000000001,0,-3.33,0,0,0,0.0,0
3.627,-0.7000000000000001,0,-3.33,0,0,0,0.0,0
3.627,-0.7000000000000001,0,-3.33,0,0,0,0.0,0
3.628,-0.7000000000000001,0,-3.33,0,0,0,0.0,0
3.628,-0.7000000000000001,0,-3.33,0,0,0,0.0,0
3.629,-0.7000000000000001,0,-3.33,0,0,0,0.0,0
3.629,-0.7000000000000001,0,-3.33,0,0,0,0.0,0
3.63,-0.7000000000000001,0,-3.33,0,0,0,0.0,0
3.63,-0.7000000000000001,0,-3.33,0,0,0,0.0,0
3.631,-0.7000000000000001,0,-3.33,0,0,0,0.0,0
3.632,-0.7000000000000001,0,-3.33,0,0,0,0.0,0
3.632,-0.7000000000000001,0,-3.33,0,0,0,0.0,0
3.633,-0.7000000000000001,0,-3.33,0,0,0,0.0,0
3.633,-0.7000000000000001,0,-3.33,0,0,0,0.0,0
3.634,-0.7000000000000001,0,-3.33,0,0,0,0.0,0
3.634,-0.7000000000000001,0,-3.33,0,0,0,0.0,0
3.635,-0.7000000000000001,0,-3.33,0,0,0,0.0,0
3.635,-0.7000000000000001,0,-3.33,0,0,0,0.0,0
3.636,-0.7000000000000001,0,-3.33,0,0,0,0.0,0
3.636,-0.7000000000000001,0,-3.33,0,0,0,0.0,0
3.637,-0.7000000000000001,0,-3.33,0,0,0,0.0,0
3.637,-0.7000000000000001,0,-3.33,0,0,0,0.0,0
3.638,-0.7000000000000001,0,-3.33,0,0,0,0.0,0
3.638,-0.7000000000000001,0,-3.33,0,0,0,0.0,0
3.639,-0.7000000000000001,0,-3.33,0,0,0,0.0,0
3.639,-0.7000000000000001,0,-3.33,0,0,0,0.0,0
3.64,-0.7000000000000001,0,-3.33,0,0,0,0.0,0
3.64,-0.7000000000000001,0,-3.33,0,0,0,0.0,0
3.641,-0.7000000000000001,0,-3.33,0,0,0,0.0,0
3.641,-0.7000000000000001,0,-3.33,0,0,0,0.0,0
3.641,-0.7000000000000001,0,-3.16,0,0,0,0.0,0
3.642,-0.7000000000000001,0,-3.16,0,0,0,0.0,0
3.642,-0.7000000000000001,0,-3.16,0,0,0,0.0,0
3.643,-0.7000000000000001,0,-3.16,0,0,0,0.0,0
3.643,-0.7000000000000001,0,-3.16,0,0,0,0.0,0
3.643,-0.7000000000000001,0,-3.16,0,0,0,0.0,0
3.645,-0.7000000000000001,0,-3.16,0,0,0,0.0,0
3.646,-0.7000000000000001,0,-3.16,0,0,0,0.0,0
3.646,-0.7000000000000001,0,-3.16,0,0,0,0.0,0
3.647,-0.7000000000000001,0,-3.16,0,0,0,0.0,0
3.648,-0.7000000000000001,0,-3.16,0,0,0,0.0,0
3.648,-0.7000000000000001,0,-3.16,0,0,0,0.0,0
3.649,-0.7000000000000001,0,-3.16,0,0,0,0.0,0
3.649,-0.7000000000000001,0,-3.16,0,0,0,0.0,0
3.65,-0.7000000000000001,0,-3.16,0,0,0,0.0,0
3.65,-0.7000000000000001,0,-3.16,0,0,0,0.0,0
3.651,-0.7000000000000001,0,-3.16,0,0,0,0.0,0
3.651,-0.7000000000000001,0,-3.16,0,0,0,0.0,0
3.652,-0.7000000000000001,0,-2.98,0,0,0,0.0,0
3.652,-0.7000000000000001,0,-2.98,0,0,0,0.0,0
3.653,-0.7000000000000001,0,-2.98,0,0,0,0.0,0
3.653,-0.7000000000000001,0,-2.98,0,0,0,0.0,0
3.654,-0.7000000000000001,0,-2.98,0,0,0,0.0,0
3.654,-0.7000000000000001,0,-2.98,0,0,0,0.0,0
3.655,-0.7000000000000001,0,-2.98,0,0,0,0.0,0
3.655,-0.7000000000000001,0,-2.98,0,0,0,0.0,0
3.656,-0.7000000000000001,0,-2.98,0,0,0,0.0,0
3.657,-0.7000000000000001,0,-2.98,0,0,0,0.0,0
3.657,-0.7000000000000001,0,-2.98,0,0,0,0.0,0
3.658,-0.7000000000000001,0,-2.98,0,0,0,0.0,0
3.658,-0.7000000000000001,0,-2.98,0,0,0,0.0,0
3.658,-0.7000000000000001,0,-2.98,0,0,0,0.0,0
3.659,-0.7000000000000001,0,-2.98,0,0,0,0.0,0
3.66,-0.7000000000000001,0,-2.98,0,0,0,0.0,0
3.66,-0.7000000000000001,0,-2.98,0,0,0,0.0,0
3.661,-0.7000000000000001,0,-2.98,0,0,0,0.0,0
3.661,-0.7000000000000001,0,-2.81,0,0,0,0.0,0
3.662,-0.7000000000000001,0,-2.81,0,0,0,0.0,0
3.662,-0.7000000000000001,0,-2.81,0,0,0,0.0,0
3.663,-0.7000000000000001,0,-2.81,0,0,0,0.0,0
3.664,-0.7000000000000001,0,-2.81,0,0,0,0.0,0
3.664,-0.7000000000000001,0,-2.81,0,0,0,0.0,0
3.664,-0.7000000000000001,0,-2.81,0,0,0,0.0,0
3.666,-0.7000000000000001,0,-2.81,0,0,0,0.0,0
3.667,-0.7000000000000001,0,-2.81,0,0,0,0.0,0
3.667,-0.7000000000000001,0,-2.81,0,0,0,0.0,0
3.668,-0.7000000000000001,0,-2.81,0,0,0,0.0,0
3.669,-0.7000000000000001,0,-2.81,0,0,0,0.0,0
3.669,-0.7000000000000001,0,-2.81,0,0,0,0.0,0
3.67,-0.7000000000000001,0,-2.81,0,0,0,0.0,0
3.67,-0.7000000000000001,0,-2.81,0,0,0,0.0,0
3.671,-0.7000000000000001,0,-2.81,0,0,0,0.0,0
3.672,-0.7000000000000001,0,-2.63,0,0,0,0.0,0
3.672,-0.7000000000000001,0,-2.63,0,0,0,0.0,0
3.672,-0.7000000000000001,0,-2.63,0,0,0,0.0,0
3.673,-0.7000000000000001,0,-2.63,0,0,0,0.0,0
3.673,-0.7000000000000001,0,-2.63,0,0,0,0.0,0
3.674,-0.7000000000000001,0,-2.63,0,0,0,0.0,0
3.674,-0.7000000000000001,0,-2.63,0,0,0,0.0,0
3.678,-0.7000000000000001,0,-2.63,0,0,0,0.0,0
3.683,-0.7000000000000001,0,-2.63,0,0,0,0.0,0
3.686,-0.7000000000000001,0,-2.63,0,0,0,0.0,0
3.689,-0.7000000000000001,0,-2.63,0,0,0,0.0,0
3.694,-0.7000000000000001,0,-2.46,0,0,0,0.0,0
3.697,-0.7000000000000001,0,-2.46,0,0,0,0.0,0
3.7,-0.7000000000000001,0,-2.46,0,0,0,0.0,0
3.702,-0.7000000000000001,0,-2.2800000000000002,0,0,0,0.0,0
3.704,-0.7000000000000001,0,-2.2800000000000002,0,0,0,0.0,0
3.705,-0.7000000000000001,0,-2.2800000000000002,0,0,0,0.0,0
3.71,-0.7000000000000001,0,-2.1,0,0,0,0.0,0
3.715,-0.7000000000000001,0,-2.1,0,0,0,0.0,0
3.718,-0.7000000000000001,0,-2.1,0,0,0,0.0,0
3.721,-0.7000000000000001,0,-1.9300000000000002,0,0,0,0.0,0
3.722,-0.7000000000000001,0,-1.9300000000000002,0,0,0,0.0,0
3.723,-0.7000000000000001,0,-1.9300000000000002,0,0,0,0.0,0
3.723,-0.7000000000000001,0,-1.9300000000000002,0,0,0,0.0,0
3.724,-0.7000000000000001,0,-1.9300000000000002,0,0,0,0.0,0
3.724,-0.7000000000000001,0,-1.9300000000000002,0,0,0,0.0,0
3.726,-0.7000000000000001,0,-1.9300000000000002,0,0,0,0.0,0
3.727,-0.7000000000000001,0,-1.9300000000000002,0,0,0,0.0,0
3.727,-0.7000000000000001,0,-1.9300000000000002,0,0,0,0.0,0
3.728,-0.7000000000000001,0,-1.9300000000000002,0,0,0,0.0,0
3.729,-0.7000000000000001,0,-1.9300000000000002,0,0,0,0.0,0
3.729,-0.7000000000000001,0,-1.9300000000000002,0,0,0,0.0,0
3.73,-0.7000000000000001,0,-1.9300000000000002,0,0,0,0.0,0
3.731,-0.7000000000000001,0,-1.9300000000000002,0,0,0,0.0,0
3.731,-0.7000000000000001,0,-1.9300000000000002,0,0,0,0.0,0
3.731,-0.7000000000000001,0,-1.9300000000000002,0,0,0,0.0,0
3.732,-0.7000000000000001,0,-1.9300000000000002,0,0,0,0.0,0
3.733,-0.7000000000000001,0,-1.9300000000000002,0,0,0,0.0,0
3.733,-0.7000000000000001,0,-1.9300000000000002,0,0,0,0.0,0
3.734,-0.7000000000000001,0,-1.9300000000000002,0,0,0,0.0,0
3.734,-0.7000000000000001,0,-1.75,0,0,0,0.0,0
3.735,-0.7000000000000001,0,-1.75,0,0,0,0.0,0
3.736,-0.7000000000000001,0,-1.75,0,0,0,0.0,0
3.736,-0.7000000000000001,0,-1.75,0,0,0,0.0,0
3.737,-0.7000000000000001,0,-1.75,0,0,0,0.0,0
3.738,-0.7000000000000001,0,-1.75,0,0,0,0.0,0
3.739,-0.7000000000000001,0,-1.75,0,0,0,0.0,0
3.74,-0.7000000000000001,0,-1.75,0,0,0,0.0,0
3.74,-0.7000000000000001,0,-1.75,0,0,0,0.0,0
3.741,-0.7000000000000001,0,-1.75,0,0,0,0.0,0
3.742,-0.7000000000000001,0,-1.75,0,0,0,0.0,0
3.743,-0.7000000000000001,0,-1.75,0,0,0,0.0,0
3.743,-0.7000000000000001,0,-1.75,0,0,0,0.0,0
3.744,-0.7000000000000001,0,-1.75,0,0,0,0.0,0
3.745,-0.7000000000000001,0,-1.75,0,0,0,0.0,0
3.745,-0.7000000000000001,0,-1.75,0,0,0,0.0,0
3.746,-0.7000000000000001,0,-1.75,0,0,0,0.0,0
3.747,-0.7000000000000001,0,-1.75,0,0,0,0.0,0
3.747,-0.7000000000000001,0,-1.75,0,0,0,0.0,0
3.748,-0.7000000000000001,0,-1.58,0,0,0,0.0,0
3.748,-0.7000000000000001,0,-1.58,0,0,0,0.0,0
3.749,-0.7000000000000001,0,-1.58,0,0,0,0.0,0
3.75,-0.7000000000000001,0,-1.58,0,0,0,0.0,0
3.75,-0.7000000000000001,0,-1.58,0,0,0,0.0,0
3.752,-0.7000000000000001,0,-1.58,0,0,0,0.0,0
3.752,-0.7000000000000001,0,-1.58,0,0,0,0.0,0
3.752,-0.7000000000000001,0,-1.58,0,0,0,0.0,0
3.753,-0.7000000000000001,0,-1.58,0,0,0,0.0,0
3.754,-0.7000000000000001,0,-1.58,0,0,0,0.0,0
3.754,-0.7000000000000001,0,-1.58,0,0,0,0.0,0
3.755,-0.7000000000000001,0,-1.58,0,0,0,0.0,0
3.755,-0.7000000000000001,0,-1.58,0,0,0,0.0,0
3.757,-0.7000000000000001,0,-1.58,0,0,0,0.0,0
3.757,-0.7000000000000001,0,-1.58,0,0,0,0.0,0
3.758,-0.7000000000000001,0,-1.58,0,0,0,0.0,0
3.759,-0.7000000000000001,0,-1.58,0,0,0,0.0,0
3.76,-0.7000000000000001,0,-1.58,0,0,0,0.0,0
3.76,-0.7000000000000001,0,-1.58,0,0,0,0.0,0
3.761,-0.7000000000000001,0,-1.58,0,0,0,0.0,0
3.762,-0.7000000000000001,0,-1.58,0,0,0,0.0,0
3.763,-0.7000000000000001,0,-1.4,0,0,0,0.0,0
3.764,-0.7000000000000001,0,-1.4,0,0,0,0.0,0
3.764,-0.7000000000000001,0,-1.4,0,0,0,0.0,0
3.765,-0.7000000000000001,0,-1.4,0,0,0,0.0,0
3.766,-0.7000000000000001,0,-1.4,0,0,0,0.0,0
3.766,-0.7000000000000001,0,-1.4,0,0,0,0.0,0
3.767,-0.7000000000000001,0,-1.4,0,0,0,0.0,0
3.768,-0.7000000000000001,0,-1.4,0,0,0,0.0,0
3.768,-0.7000000000000001,0,-1.4,0,0,0,0.0,0
3.77,-0.7000000000000001,0,-1.4,0,0,0,0.0,0
3.77,-0.7000000000000001,0,-1.4,0,0,0,0.0,0
3.771,-0.7000000000000001,0,-1.4,0,0,0,0.0,0
3.772,-0.7000000000000001,0,-1.4,0,0,0,0.0,0
3.772,-0.7000000000000001,0,-1.4,0,0,0,0.0,0
3.773,-0.7000000000000001,0,-1.4,0,0,0,0.0,0
3.774,-0.7000000000000001,0,-1.4,0,0,0,0.0,0
3.774,-0.7000000000000001,0,-1.4,0,0,0,0.0,0
3.775,-0.7000000000000001,0,-1.4,0,0,0,0.0,0
3.776,-0.7000000000000001,0,-1.4,0,0,0,0.0,0
3.776,-0.7000000000000001,0,-1.4,0,0,0,0.0,0
3.777,-0.7000000000000001,0,-1.4,0,0,0,0.0,0
3.778,-0.7000000000000001,0,-1.4,0,0,0,0.0,0
3.778,-0.7000000000000001,0,-1.4,0,0,0,0.0,0
3.779,-0.7000000000000001,0,-1.4,0,0,0,0.0,0
3.78,-0.7000000000000001,0,-1.4,0,0,0,0.0,0
3.781,-0.7000000000000001,0,-1.4,0,0,0,0.0,0
3.781,-0.7000000000000001,0,-1.4,0,0,0,0.0,0
3.782,-0.7000000000000001,0,-1.4,0,0,0,0.0,0
3.783,-0.7000000000000001,0,-1.4,0,0,0,0.0,0
3.784,-0.7000000000000001,0,-1.23,0,0,0,0.0,0
3.791,-0.7000000000000001,0,-1.23,0,0,0,0.0,0
3.797,-0.7000000000000001,0,-1.23,0,0,0,0.0,0
3.802,-0.7000000000000001,0,-1.23,0,0,0,0.0,0
3.81,-0.7000000000000001,0,-1.23,0,0,0,0.0,0
3.821,-0.7000000000000001,0,-1.23,0,0,0,0.0,0
3.829,-0.7000000000000001,0,-1.23,0,0,0,0.0,0
3.834,-0.7000000000000001,0,-1.23,0,0,0,0.0,0
3.844,-0.7000000000000001,0,-1.23,0,0,0,0.0,0
3.852,-0.7000000000000001,0,-1.23,0,0,0,0.0,0
3.859,-0.7000000000000001,0,-1.23,0,0,0,0.0,0
3.86,-0.7000000000000001,0,-1.4,0,0,0,0.0,0
3.861,-0.7000000000000001,0,-1.4,0,0,0,0.0,0
3.862,-0.7000000000000001,0,-1.4,0,0,0,0.0,0
3.862,-0.7000000000000001,0,-1.4,0,0,0,0.0,0
3.863,-0.7000000000000001,0,-1.4,0,0,0,0.0,0
3.864,-0.7000000000000001,0,-1.4,0,0,0,0.0,0
3.864,-0.7000000000000001,0,-1.4,0,0,0,0.0,0
3.866,-0.7000000000000001,0,-1.4,0,0,0,0.0,0
3.866,-0.7000000000000001,0,-1.4,0,0,0,0.0,0
3.866,-0.7000000000000001,0,-1.4,0,0,0,0.0,0
3.868,-0.7000000000000001,0,-1.4,0,0,0,0.0,0
3.869,-0.7000000000000001,0,-1.4,0,0,0,0.0,0
3.869,-0.7000000000000001,0,-1.4,0,0,0,0.0,0
3.87,-0.7000000000000001,0,-1.4,0,0,0,0.0,0
3.87,-0.7000000000000001,0,-1.4,0,0,0,0.0,0
3.871,-0.7000000000000001,0,-1.4,0,0,0,0.0,0
3.871,-0.7000000000000001,0,-1.4,0,0,0,0.0,0
3.871,-0.7000000000000001,0,-1.58,0,0,0,0.0,0
3.873,-0.7000000000000001,0,-1.58,0,0,0,0.0,0
3.874,-0.7000000000000001,0,-1.58,0,0,0,0.0,0
3.874,-0.7000000000000001,0,-1.58,0,0,0,0.0,0
3.874,-0.7000000000000001,0,-1.58,0,0,0,0.0,0
3.874,-0.7000000000000001,0,-1.58,0,0,0,0.0,0
3.876,-0.7000000000000001,0,-1.58,0,0,0,0.0,0
3.876,-0.7000000000000001,0,-1.58,0,0,0,0.0,0
3.876,-0.7000000000000001,0,-1.58,0,0,0,0.0,0
3.878,-0.7000000000000001,0,-1.58,0,0,0,0.0,0
3.879,-0.7000000000000001,0,-1.58,0,0,0,0.0,0
3.88,-0.7000000000000001,0,-1.58,0,0,0,0.0,0
3.88,-0.7000000000000001,0,-1.58,0,0,0,0.0,0
3.88,-0.7000000000000001,0,-1.58,0,0,0,0.0,0
3.881,-0.7000000000000001,0,-1.58,0,0,0,0.0,0
3.882,-0.7000000000000001,0,-1.58,0,0,0,0.0,0
3.882,-0.7000000000000001,0,-1.58,0,0,0,0.0,0
3.883,-0.7000000000000001,0,-1.58,0,0,0,0.0,0
3.885,-0.7000000000000001,0,-1.58,0,0,0,0.0,0
3.885,-0.7000000000000001,0,-1.58,0,0,0,0.0,0
3.886,-0.7000000000000001,0,-1.58,0,0,0,0.0,0
3.886,-0.7000000000000001,0,-1.58,0,0,0,0.0,0
3.887,-0.7000000000000001,0,-1.75,0,0,0,0.0,0
3.887,-0.7000000000000001,0,-1.75,0,0,0,0.0,0
3.888,-0.7000000000000001,0,-1.75,0,0,0,0.0,0
3.888,-0.7000000000000001,0,-1.75,0,0,0,0.0,0
3.889,-0.7000000000000001,0,-1.75,0,0,0,0.0,0
3.89,-0.7000000000000001,0,-1.75,0,0,0,0.0,0
3.891,-0.7000000000000001,0,-1.75,0,0,0,0.0,0
3.891,-0.7000000000000001,0,-1.75,0,0,0,0.0,0
3.897,-0.7000000000000001,0,-1.75,0,0,0,0.0,0
3.901,-0.7000000000000001,0,-1.75,0,0,0,0.0,0
3.903,-0.7000000000000001,0,-1.9300000000000002,0,0,0,0.0,0
3.905,-0.7000000000000001,0,-1.9300000000000002,0,0,0,0.0,0
3.909,-0.7000000000000001,0,-1.9300000000000002,0,0,0,0.0,0
3.912,-0.7000000000000001,0,-1.9300000000000002,0,0,0,0.0,0
3.92,-0.7000000000000001,0,-1.9300000000000002,0,0,0,0.0,0
3.925,-0.7000000000000001,0,-1.9300000000000002,0,0,0,0.0,0
3.928,-0.7000000000000001,0,-2.1,0,0,0,0.0,0
3.935,-0.7000000000000001,0,-2.1,0,0,0,0.0,0
3.939,-0.7000000000000001,0,-2.2800000000000002,0,0,0,0.0,0
3.944,-0.7000000000000001,0,-2.2800000000000002,0,0,0,0.0,0
3.948,-0.7000000000000001,0,-2.46,0,0,0,0.0,0
3.95,-0.7000000000000001,0,-2.46,0,0,0,0.0,0
3.951,-0.7000000000000001,0,-2.63,0,0,0,0.0,0
3.952,-0.7000000000000001,0,-2.63,0,0,0,0.0,0
3.953,-0.7000000000000001,0,-2.63,0,0,0,0.0,0
3.954,-0.7000000000000001,0,-2.63,0,0,0,0.0,0
3.955,-0.7000000000000001,0,-2.63,0,0,0,0.0,0
3.956,-0.7000000000000001,0,-2.63,0,0,0,0.0,0
3.957,-0.7000000000000001,0,-2.63,0,0,0,0.0,0
3.958,-0.7000000000000001,0,-2.63,0,0,0,0.0,0
3.959,-0.7000000000000001,0,-2.63,0,0,0,0.0,0
3.96,-0.7000000000000001,0,-2.63,0,0,0,0.0,0
3.961,-0.7000000000000001,0,-2.63,0,0,0,0.0,0
3.962,-0.7000000000000001,0,-2.63,0,0,0,0.0,0
3.964,-0.7000000000000001,0,-2.63,0,0,0,0.0,0
3.965,-0.7000000000000001,0,-2.63,0,0,0,0.0,0
3.966,-0.7000000000000001,0,-2.81,0,0,0,0.0,0
3.967,-0.7000000000000001,0,-2.81,0,0,0,0.0,0
3.968,-0.7000000000000001,0,-2.81,0,0,0,0.0,0
3.969,-0.7000000000000001,0,-2.81,0,0,0,0.0,0
3.971,-0.7000000000000001,0,-2.81,0,0,0,0.0,0
3.972,-0.7000000000000001,0,-2.81,0,0,0,0.0,0
3.973,-0.7000000000000001,0,-2.81,0,0,0,0.0,0
3.974,-0.7000000000000001,0,-2.81,0,0,0,0.0,0
3.975,-0.7000000000000001,0,-2.81,0,0,0,0.0,0
3.976,-0.7000000000000001,0,-2.98,0,0,0,0.0,0
3.977,-0.7000000000000001,0,-2.98,0,0,0,0.0,0
3.977,-0.7000000000000001,0,-2.98,0,0,0,0.0,0
3.978,-0.7000000000000001,0,-2.98,0,0,0,0.0,0
3.979,-0.7000000000000001,0,-2.98,0,0,0,0.0,0
3.981,-0.7000000000000001,0,-2.98,0,0,0,0.0,0
3.982,-0.7000000000000001,0,-2.98,0,0,0,0.0,0
3.983,-0.7000000000000001,0,-2.98,0,0,0,0.0,0
3.984,-0.7000000000000001,0,-2.98,0,0,0,0.0,0
3.985,-0.7000000000000001,0,-2.98,0,0,0,0.0,0
3.986,-0.7000000000000001,0,-3.16,0,0,0,0.0,0
3.987,-0.7000000000000001,0,-3.16,0,0,0,0.0,0
3.988,-0.7000000000000001,0,-3.16,0,0,0,0.0,0
3.989,-0.7000000000000001,0,-3.16,0,0,0,0.0,0
3.99,-0.7000000000000001,0,-3.16,0,0,0,0.0,0
3.991,-0.7000000000000001,0,-3.16,0,0,0,0.0,0
3.993,-0.7000000000000001,0,-3.16,0,0,0,0.0,0
3.995,-0.7000000000000001,0,-3.16,0,0,0,0.0,0
3.995,-0.7000000000000001,0,-3.16,0,0,0,0.0,0
3.996,-0.7000000000000001,0,-3.16,0,0,0,0.0,0
3.997,-0.7000000000000001,0,-3.33,0,0,0,0.0,0
3.999,-0.7000000000000001,0,-3.33,0,0,0,0.0,0
4.002,-0.7000000000000001,0,-3.33,0,0,0,0.0,0
4.013,-0.7000000000000001,0,-3.33,0,0,0,0.0,0
4.018,-0.7000000000000001,0,-3.33,0,0,0,0.0,0
4.02,-0.7000000000000001,0,-3.51,0,0,0,0.0,0
4.034,-0.7000000000000001,0,-3.51,0,0,0,0.0,0
4.048,-0.7000000000000001,0,-3.51,0,0,0,0.0,0
4.055,-0.7000000000000001,0,-3.69,0,0,0,0.0,0
4.066,-0.7000000000000001,0,-3.86,0,0,0,0.0,0
4.073,-0.7000000000000001,0,-3.86,0,0,0,0.0,0
4.079,-0.7000000000000001,0,-4.04,0,0,0,0.0,0
4.08,-0.7000000000000001,0,-4.04,0,0,0,0.0,0
4.081,-0.7000000000000001,0,-4.04,0,0,0,0.0,0
4.082,-0.7000000000000001,0,-4.04,0,0,0,0.0,0
4.083,-0.7000000000000001,0,-4.04,0,0,0,0.0,0
4.084,-0.7000000000000001,0,-4.04,0,0,0,0.0,0
4.085,-0.7000000000000001,0,-4.04,0,0,0,0.0,0
4.086,-0.7000000000000001,0,-4.04,0,0,0,0.0,0
4.087,-0.7000000000000001,0,-4.04,0,0,0,0.0,0
4.088,-0.7000000000000001,0,-4.04,0,0,0,0.0,0
4.089,-0.7000000000000001,0,-4.04,0,0,0,0.0,0
4.09,-0.7000000000000001,0,-4.04,0,0,0,0.0,0
4.091,-0.7000000000000001,0,-4.04,0,0,0,0.0,0
4.092,-0.7000000000000001,0,-4.04,0,0,0,0.0,0
4.092,-0.7000000000000001,0,-4.04,0,0,0,0.0,0
4.094,-0.7000000000000001,0,-4.04,0,0,0,0.0,0
4.095,-0.7000000000000001,0,-4.04,0,0,0,0.0,0
4.096,-0.7000000000000001,0,-4.04,0,0,0,0.0,0
4.097,-0.7000000000000001,0,-4.04,0,0,0,0.0,0
4.098,-0.7000000000000001,0,-4.04,0,0,0,0.0,0
4.099,-0.7000000000000001,0,-4.04,0,0,0,0.0,0
4.1,-0.7000000000000001,0,-4.04,0,0,0,0.0,0
4.101,-0.7000000000000001,0,-4.04,0,0,0,0.0,0
4.102,-0.7000000000000001,0,-4.04,0,0,0,0.0,0
4.103,-0.7000000000000001,0,-4.04,0,0,0,0.0,0
4.104,-0.7000000000000001,0,-4.04,0,0,0,0.0,0
4.105,-0.7000000000000001,0,-4.04,0,0,0,0.0,0
4.106,-0.7000000000000001,0,-4.04,0,0,0,0.0,0
4.107,-0.7000000000000001,0,-4.04,0,0,0,0.0,0
4.108,-0.7000000000000001,0,-4.04,0,0,0,0.0,0
4.108,-0.7000000000000001,0,-4.04,0,0,0,0.0,0
4.111,-0.7000000000000001,0,-4.04,0,0,0,0.0,0
4.127,-0.7000000000000001,0,-4.04,0,0,0,0.0,0
4.137,-0.7000000000000001,0,-4.04,0,0,0,0.0,0
4.143,-0.7000000000000001,0,-4.04,0,0,0,0.0,0
4.184,-0.7000000000000001,0,-4.04,0,0,0,0.0,0
4.187,-0.7000000000000001,0,-3.51,0,0,0,0.0,0
4.188,-0.7000000000000001,0,-3.51,0,0,0,0.0,0
4.189,-0.7000000000000001,0,-3.51,0,0,0,0.0,0
4.191,-0.7000000000000001,0,-3.51,0,0,0,0.0,0
4.192,-0.7000000000000001,0,-3.33,0,0,0,0.0,0
4.193,-0.7000000000000001,0,-3.33,0,0,0,0.0,0
4.194,-0.7000000000000001,0,-3.33,0,0,0,0.0,0
4.195,-0.7000000000000001,0,-3.33,0,0,0,0.0,0
4.196,-0.7000000000000001,0,-3.33,0,0,0,0.0,0
4.198,-0.7000000000000001,0,-3.33,0,0,0,0.0,0
4.199,-0.7000000000000001,0,-3.33,0,0,0,0.0,0
4.2,-0.7000000000000001,0,-3.33,0,0,0,0.0,0
4.201,-0.7000000000000001,0,-3.33,0,0,0,0.0,0
4.203,-0.7000000000000001,0,-3.33,0,0,0,0.0,0
4.204,-0.7000000000000001,0,-3.33,0,0,0,0.0,0
4.205,-0.7000000000000001,0,-3.33,0,0,0,0.0,0
4.206,-0.7000000000000001,0,-3.33,0,0,0,0.0,0
4.207,-0.7000000000000001,0,-3.33,0,0,0,0.0,0
4.208,-0.7000000000000001,0,-3.33,0,0,0,0.0,0
4.209,-0.7000000000000001,0,-3.33,0,0,0,0.0,0
4.21,-0.7000000000000001,0,-3.16,0,0,0,0.0,0
4.211,-0.7000000000000001,0,-3.16,0,0,0,0.0,0
4.212,-0.7000000000000001,0,-3.16,0,0,0,0.0,0
4.213,-0.7000000000000001,0,-3.16,0,0,0,0.0,0
4.215,-0.7000000000000001,0,-3.16,0,0,0,0.0,0
4.216,-0.7000000000000001,0,-3.16,0,0,0,0.0,0
4.217,-0.7000000000000001,0,-3.16,0,0,0,0.0,0
4.228,-0.7000000000000001,0,-3.16,0,0,0,0.0,0
4.239,-0.7000000000000001,0,-3.16,0,0,0,0.0,0
4.246,-0.7000000000000001,0,-2.81,0,0,0,0.0,0
4.253,-0.7000000000000001,0,-2.63,0,0,0,0.0,0
4.258,-0.7000000000000001,0,-2.63,0,0,0,0.0,0
4.264,-0.7000000000000001,0,-2.46,0,0,0,0.0,0
4.27,-0.7000000000000001,0,-2.46,0,0,0,0.0,0
4.277,-0.7000000000000001,0,-2.46,0,0,0,0.0,0
4.282,-0.7000000000000001,0,-2.2800000000000002,0,0,0,0.0,0
4.283,-0.7000000000000001,0,-2.1,0,0,0,0.0,0
4.284,-0.7000000000000001,0,-2.1,0,0,0,0.0,0
4.286,-0.7000000000000001,0,-2.1,0,0,0,0.0,0
4.287,-0.7000000000000001,0,-2.1,0,0,0,0.0,0
4.288,-0.7000000000000001,0,-2.1,0,0,0,0.0,0
4.289,-0.7000000000000001,0,-2.1,0,0,0,0.0,0
4.29,-0.7000000000000001,0,-2.1,0,0,0,0.0,0
4.291,-0.7000000000000001,0,-1.9300000000000002,0,0,0,0.0,0
4.292,-0.7000000000000001,0,-1.9300000000000002,0,0,0,0.0,0
4.293,-0.7000000000000001,0,-1.9300000000000002,0,0,0,0.0,0
4.294,-0.7000000000000001,0,-1.9300000000000002,0,0,0,0.0,0
4.295,-0.7000000000000001,0,-1.9300000000000002,0,0,0,0.0,0
4.297,-0.7000000000000001,0,-1.9300000000000002,0,0,0,0.0,0
4.298,-0.7000000000000001,0,-1.9300000000000002,0,0,0,0.0,0
4.299,-0.7000000000000001,0,-1.9300000000000002,0,0,0,0.0,0
4.3,-0.7000000000000001,0,-1.9300000000000002,0,0,0,0.0,0
4.301,-0.7000000000000001,0,-1.9300000000000002,0,0,0,0.0,0
4.302,-0.7000000000000001,0,-1.9300000000000002,0,0,0,0.0,0
4.303,-0.7000000000000001,0,-1.9300000000000002,0,0,0,0.0,0
4.304,-0.7000000000000001,0,-1.9300000000000002,0,0,0,0.0,0
4.305,-0.7000000000000001,0,-1.9300000000000002,0,0,0,0.0,0
4.306,-0.7000000000000001,0,-1.9300000000000002,0,0,0,0.0,0
4.307,-0.7000000000000001,0,-1.9300000000000002,0,0,0,0.0,0
4.307,-0.7000000000000001,0,-1.9300000000000002,0,0,0,0.0,0
4.308,-0.7000000000000001,0,-1.9300000000000002,0,0,0,0.0,0
4.309,-0.7000000000000001,0,-1.9300000000000002,0,0,0,0.0,0
4.309,-0.7000000000000001,0,-1.9300000000000002,0,0,0,0.0,0
4.31,-0.7000000000000001,0,-1.75,0,0,0,0.0,0
4.311,-0.7000000000000001,0,-1.75,0,0,0,0.0,0
4.312,-0.7000000000000001,0,-1.75,0,0,0,0.0,0
4.313,-0.7000000000000001,0,-1.75,0,0,0,0.0,0
4.314,-0.7000000000000001,0,-1.75,0,0,0,0.0,0
4.315,-0.7000000000000001,0,-1.75,0,0,0,0.0,0
4.315,-0.7000000000000001,0,-1.75,0,0,0,0.0,0
4.316,-0.7000000000000001,0,-1.75,0,0,0,0.0,0
4.317,-0.7000000000000001,0,-1.75,0,0,0,0.0,0
4.317,-0.7000000000000001,0,-1.75,0,0,0,0.0,0
4.318,-0.7000000000000001,0,-1.75,0,0,0,0.0,0
4.319,-0.7000000000000001,0,-1.75,0,0,0,0.0,0
4.32,-0.7000000000000001,0,-1.75,0,0,0,0.0,0
4.32,-0.7000000000000001,0,-1.75,0,0,0,0.0,0
4.321,-0.7000000000000001,0,-1.75,0,0,0,0.0,0
4.322,-0.7000000000000001,0,-1.75,0,0,0,0.0,0
4.322,-0.7000000000000001,0,-1.75,0,0,0,0.0,0
4.322,-0.7000000000000001,0,-1.75,0,0,0,0.0,0
4.323,-0.7000000000000001,0,-1.75,0,0,0,0.0,0
4.323,-0.7000000000000001,0,-1.75,0,0,0,0.0,0
4.324,-0.7000000000000001,0,-1.75,0,0,0,0.0,0
4.325,-0.7000000000000001,0,-1.75,0,0,0,0.0,0
4.326,-0.7000000000000001,0,-1.58,0,0,0,0.0,0
4.329,-0.7000000000000001,0,-1.58,0,0,0,0.0,0
4.34,-0.7000000000000001,0,-1.58,0,0,0,0.0,0
4.342,-0.7000000000000001,0,-1.58,0,0,0,0.0,0
4.344,-0.7000000000000001,0,-1.58,0,0,0,0.0,0
4.347,-0.7000000000000001,0,-1.58,0,0,0,0.0,0
4.349,-0.7000000000000001,0,-1.4,0,0,0,0.0,0
4.351,-0.7000000000000001,0,-1.4,0,0,0,0.0,0
4.354,-0.7000000000000001,0,-1.4,0,0,0,0.0,0
4.357,-0.7000000000000001,0,-1.4,0,0,0,0.0,0
4.366,-0.7000000000000001,0,-1.4,0,0,0,0.0,0
4.373,-0.7000000000000001,0,-1.4,0,0,0,0.0,0
4.377,-0.7000000000000001,0,-1.4,0,0,0,0.0,0
4.377,-0.7000000000000001,0,-1.4,0,0,0,0.0,0
4.377,-0.7000000000000001,0,-1.4,0,0,0,0.0,0
4.379,-0.7000000000000001,0,-1.4,0,0,0,0.0,0
4.379,-0.7000000000000001,0,-1.4,0,0,0,0.0,0
4.38,-0.7000000000000001,0,-1.4,0,0,0,0.0,0
4.38,-0.7000000000000001,0,-1.4,0,0,0,0.0,0
4.381,-0.7000000000000001,0,-1.4,0,0,0,0.0,0
4.381,-0.7000000000000001,0,-1.4,0,0,0,0.0,0
4.382,-0.7000000000000001,0,-1.4,0,0,0,0.0,0
4.383,-0.7000000000000001,0,-1.4,0,0,0,0.0,0
4.383,-0.7000000000000001,0,-1.4,0,0,0,0.0,0
4.384,-0.7000000000000001,0,-1.4,0,0,0,0.0,0
4.384,-0.7000000000000001,0,-1.4,0,0,0,0.0,0
4.385,-0.7000000000000001,0,-1.4,0,0,0,0.0,0
4.385,-0.7000000000000001,0,-1.4,0,0,0,0.0,0
4.386,-0.7000000000000001,0,-1.4,0,0,0,0.0,0
4.387,-0.7000000000000001,0,-1.4,0,0,0,0.0,0
4.387,-0.7000000000000001,0,-1.4,0,0,0,0.0,0
4.388,-0.7000000000000001,0,-1.4,0,0,0,0.0,0
4.389,-0.7000000000000001,0,-1.4,0,0,0,0.0,0
4.389,-0.7000000000000001,0,-1.4,0,0,0,0.0,0
4.39,-0.7000000000000001,0,-1.4,0,0,0,0.0,0
4.391,-0.7000000000000001,0,-1.4,0,0,0,0.0,0
4.391,-0.7000000000000001,0,-1.4,0,0,0,0.0,0
4.392,-0.7000000000000001,0,-1.4,0,0,0,0.0,0
4.392,-0.7000000000000001,0,-1.4,0,0,0,0.0,0
4.393,-0.7000000000000001,0,-1.4,0,0,0,0.0,0
4.393,-0.7000000000000001,0,-1.4,0,0,0,0.0,0
4.394,-0.7000000000000001,0,-1.4,0,0,0,0.0,0
4.395,-0.7000000000000001,0,-1.4,0,0,0,0.0,0
4.396,-0.7000000000000001,0,-1.4,0,0,0,0.0,0
4.396,-0.7000000000000001,0,-1.4,0,0,0,0.0,0
4.397,-0.7000000000000001,0,-1.4,0,0,0,0.0,0
4.398,-0.7000000000000001,0,-1.4,0,0,0,0.0,0
4.398,-0.7000000000000001,0,-1.4,0,0,0,0.0,0
4.399,-0.7000000000000001,0,-1.4,0,0,0,0.0,0
4.4,-0.7000000000000001,0,-1.4,0,0,0,0.0,0
4.4,-0.7000000000000001,0,-1.4,0,0,0,0.0,0
4.401,-0.7000000000000001,0,-1.4,0,0,0,0.0,0
4.401,-0.7000000000000001,0,-1.4,0,0,0,0.0,0
4.402,-0.7000000000000001,0,-1.4,0,0,0,0.0,0
4.403,-0.7000000000000001,0,-1.4,0,0,0,0.0,0
4.403,-0.7000000000000001,0,-1.4,0,0,0,0.0,0
4.404,-0.7000000000000001,0,-1.4,0,0,0,0.0,0
4.405,-0.7000000000000001,0,-1.4,0,0,0,0.0,0
4.407,-0.7000000000000001,0,-1.4,0,0,0,0.0,0
4.408,-0.7000000000000001,0,-1.4,0,0,0,0.0,0
4.408,-0.7000000000000001,0,-1.4,0,0,0,0.0,0
4.409,-0.7000000000000001,0,-1.4,0,0,0,0.0,0
4.41,-0.7000000000000001,0,-1.4,0,0,0,0.0,0
4.411,-0.7000000000000001,0,-1.4,0,0,0,0.0,0
4.411,-0.7000000000000001,0,-1.4,0,0,0,0.0,0
4.412,-0.7000000000000001,0,-1.4,0,0,0,0.0,0
4.413,-0.7000000000000001,0,-1.4,0,0,0,0.0,0
4.414,-0.7000000000000001,0,-1.4,0,0,0,0.0,0
4.414,-0.7000000000000001,0,-1.4,0,0,0,0.0,0
4.415,-0.7000000000000001,0,-1.4,0,0,0,0.0,0
4.416,-0.7000000000000001,0,-1.4,0,0,0,0.0,0
4.417,-0.7000000000000001,0,-1.4,0,0,0,0.0,0
4.417,-0.7000000000000001,0,-1.4,0,0,0,0.0,0
4.418,-0.7000000000000001,0,-1.4,0,0,0,0.0,0
4.419,-0.7000000000000001,0,-1.4,0,0,0,0.0,0
4.42,-0.7000000000000001,0,-1.4,0,0,0,0.0,0
4.421,-0.7000000000000001,0,-1.4,0,0,0,0.0,0
4.422,-0.7000000000000001,0,-1.4,0,0,0,0.0,0
4.422,-0.7000000000000001,0,-1.4,0,0,0,0.0,0
4.423,-0.7000000000000001,0,-1.4,0,0,0,0.0,0
4.423,-0.7000000000000001,0,-1.4,0,0,0,0.0,0
4.424,-0.7000000000000001,0,-1.4,0,0,0,0.0,0
4.425,-0.7000000000000001,0,-1.4,0,0,0,0.0,0
4.426,-0.7000000000000001,0,-1.4,0,0,0,0.0,0
4.426,-0.7000000000000001,0,-1.4,0,0,0,0.0,0
4.427,-0.7000000000000001,0,-1.4,0,0,0,0.0,0
4.427,-0.7000000000000001,0,-1.4,0,0,0,0.0,0
4.428,-0.7000000000000001,0,-1.4,0,0,0,0.0,0
4.429,-0.7000000000000001,0,-1.4,0,0,0,0.0,0
4.43,-0.7000000000000001,0,-1.4,0,0,0,0.0,0
4.43,-0.7000000000000001,0,-1.58,0,0,0,0.0,0
4.431,-0.7000000000000001,0,-1.58,0,0,0,0.0,0
4.432,-0.7000000000000001,0,-1.58,0,0,0,0.0,0
4.432,-0.7000000000000001,0,-1.58,0,0,0,0.0,0
4.433,-0.7000000000000001,0,-1.58,0,0,0,0.0,0
4.433,-0.7000000000000001,0,-1.58,0,0,0,0.0,0
4.434,-0.7000000000000001,0,-1.58,0,0,0,0.0,0
4.435,-0.7000000000000001,0,-1.58,0,0,0,0.0,0
4.439,-0.7000000000000001,0,-1.58,0,0,0,0.0,0
4.449,-0.7000000000000001,0,-1.58,0,0,0,0.0,0
4.454,-0.7000000000000001,0,-1.58,0,0,0,0.0,0
4.457,-0.7000000000000001,0,-1.75,0,0,0,0.0,0
4.462,-0.7000000000000001,0,-1.75,0,0,0,0.0,0
4.465,-0.7000000000000001,0,-1.75,0,0,0,0.0,0
4.47,-0.7000000000000001,0,-1.75,0,0,0,0.0,0
4.474,-0.7000000000000001,0,-1.9300000000000002,0,0,0,0.0,0
4.481,-0.7000000000000001,0,-1.9300000000000002,0,0,0,0.0,0
4.483,-0.7000000000000001,0,-1.9300000000000002,0,0,0,0.0,0
4.485,-0.7000000000000001,0,-1.9300000000000002,0,0,0,0.0,0
4.486,-0.7000000000000001,0,-2.1,0,0,0,0.0,0
4.486,-0.7000000000000001,0,-2.1,0,0,0,0.0,0
4.487,-0.7000000000000001,0,-2.1,0,0,0,0.0,0
4.487,-0.7000000000000001,0,-2.1,0,0,0,0.0,0
4.488,-0.7000000000000001,0,-2.1,0,0,0,0.0,0
4.489,-0.7000000000000001,0,-2.1,0,0,0,0.0,0
4.49,-0.7000000000000001,0,-2.1,0,0,0,0.0,0
4.49,-0.7000000000000001,0,-2.1,0,0,0,0.0,0
4.49,-0.7000000000000001,0,-2.1,0,0,0,0.0,0
4.491,-0.7000000000000001,0,-2.1,0,0,0,0.0,0
4.491,-0.7000000000000001,0,-2.1,0,0,0,0.0,0
4.492,-0.7000000000000001,0,-2.1,0,0,0,0.0,0
4.493,-0.7000000000000001,0,-2.1,0,0,0,0.0,0
4.493,-0.7000000000000001,0,-2.1,0,0,0,0.0,0
4.494,-0.7000000000000001,0,-2.1,0,0,0,0.0,0
4.495,-0.7000000000000001,0,-2.1,0,0,0,0.0,0
4.496,-0.7000000000000001,0,-2.1,0,0,0,0.0,0
4.497,-0.7000000000000001,0,-2.2800000000000002,0,0,0,0.0,0
4.498,-0.7000000000000001,0,-2.2800000000000002,0,0,0,0.0,0
4.499,-0.7000000000000001,0,-2.2800000000000002,0,0,0,0.0,0
4.499,-0.7000000000000001,0,-2.2800000000000002,0,0,0,0.0,0
4.5,-0.7000000000000001,0,-2.2800000000000002,0,0,0,0.0,0
4.501,-0.7000000000000001,0,-2.2800000000000002,0,0,0,0.0,0
4.502,-0.7000000000000001,0,-2.2800000000000002,0,0,0,0.0,0
4.502,-0.7000000000000001,0,-2.2800000000000002,0,0,0,0.0,0
4.503,-0.7000000000000001,0,-2.2800000000000002,0,0,0,0.0,0
4.504,-0.7000000000000001,0,-2.2800000000000002,0,0,0,0.0,0
4.505,-0.7000000000000001,0,-2.2800000000000002,0,0,0,0.0,0
4.505,-0.7000000000000001,0,-2.2800000000000002,0,0,0,0.0,0
4.506,-0.7000000000000001,0,-2.2800000000000002,0,0,0,0.0,0
4.507,-0.7000000000000001,0,-2.2800000000000002,0,0,0,0.0,0
4.508,-0.7000000000000001,0,-2.46,0,0,0,0.0,0
4.508,-0.7000000000000001,0,-2.46,0,0,0,0.0,0
4.51,-0.7000000000000001,0,-2.46,0,0,0,0.0,0
4.511,-0.7000000000000001,0,-2.46,0,0,0,0.0,0
4.511,-0.7000000000000001,0,-2.46,0,0,0,0.0,0
4.512,-0.7000000000000001,0,-2.46,0,0,0,0.0,0
4.513,-0.7000000000000001,0,-2.46,0,0,0,0.0,0
4.514,-0.7000000000000001,0,-2.46,0,0,0,0.0,0
4.514,-0.7000000000000001,0,-2.46,0,0,0,0.0,0
4.515,-0.7000000000000001,0,-2.46,0,0,0,0.0,0
4.516,-0.7000000000000001,0,-2.46,0,0,0,0.0,0
4.517,-0.7000000000000001,0,-2.46,0,0,0,0.0,0
4.518,-0.7000000000000001,0,-2.46,0,0,0,0.0,0
4.519,-0.7000000000000001,0,-2.46,0,0,0,0.0,0
4.52,-0.7000000000000001,0,-2.63,0,0,0,0.0,0
4.521,-0.7000000000000001,0,-2.63,0,0,0,0.0,0
4.522,-0.7000000000000001,0,-2.63,0,0,0,0.0,0
4.522,-0.7000000000000001,0,-2.63,0,0,0,0.0,0
4.523,-0.7000000000000001,0,-2.63,0,0,0,0.0,0
4.524,-0.7000000000000001,0,-2.63,0,0,0,0.0,0
4.526,-0.7000000000000001,0,-2.63,0,0,0,0.0,0
4.526,-0.7000000000000001,0,-2.63,0,0,0,0.0,0
4.528,-0.7000000000000001,0,-2.63,0,0,0,0.0,0
4.528,-0.7000000000000001,0,-2.63,0,0,0,0.0,0
4.529,-0.7000000000000001,0,-2.63,0,0,0,0.0,0
4.53,-0.7000000000000001,0,-2.63,0,0,0,0.0,0
4.532,-0.7000000000000001,0,-2.63,0,0,0,0.0,0
4.533,-0.7000000000000001,0,-2.63,0,0,0,0.0,0
4.534,-0.7000000000000001,0,-2.63,0,0,0,0.0,0
4.535,-0.7000000000000001,0,-2.63,0,0,0,0.0,0
4.535,-0.7000000000000001,0,-2.63,0,0,0,0.0,0
4.536,-0.7000000000000001,0,-2.81,0,0,0,0.0,0
4.537,-0.7000000000000001,0,-2.81,0,0,0,0.0,0
4.538,-0.7000000000000001,0,-2.81,0,0,0,0.0,0
4.539,-0.7000000000000001,0,-2.81,0,0,0,0.0,0
4.541,-0.7000000000000001,0,-2.81,0,0,0,0.0,0
4.542,-0.7000000000000001,0,-2.81,0,0,0,0.0,0
4.543,-0.7000000000000001,0,-2.81,0,0,0,0.0,0
4.544,-0.7000000000000001,0,-2.81,0,0,0,0.0,0
4.545,-0.7000000000000001,0,-2.81,0,0,0,0.0,0
4.546,-0.7000000000000001,0,-2.81,0,0,0,0.0,0
4.551,-0.7000000000000001,0,-2.81,0,0,0,0.0,0
4.557,-0.7000000000000001,0,-2.98,0,0,0,0.0,0
4.559,-0.7000000000000001,0,-2.98,0,0,0,0.0,0
4.569,-0.7000000000000001,0,-3.16,0,0,0,0.0,0
4.575,-0.7000000000000001,0,-3.16,0,0,0,0.0,0
4.584,-0.7000000000000001,0,-3.33,0,0,0,0.0,0
4.597,-0.7000000000000001,0,-3.33,0,0,0,0.0,0
4.605,-0.7000000000000001,0,-3.33,0,0,0,0.0,0
4.615,-0.7000000000000001,0,-3.51,0,0,0,0.0,0
4.621,-0.7000000000000001,0,-3.69,0,0,0,0.0,0
4.622,-0.7000000000000001,0,-3.69,0,0,0,0.0,0
4.622,-0.7000000000000001,0,-3.69,0,0,0,0.0,0
4.624,-0.7000000000000001,0,-3.86,0,0,0,0.0,0
4.625,-0.7000000000000001,0,-3.86,0,0,0,0.0,0
4.627,-0.7000000000000001,0,-3.86,0,0,0,0.0,0
4.627,-0.7000000000000001,0,-3.86,0,0,0,0.0,0
4.629,-0.7000000000000001,0,-3.86,0,0,0,0.0,0
4.63,-0.7000000000000001,0,-3.86,0,0,0,0.0,0
4.631,-0.7000000000000001,0,-3.86,0,0,0,0.0,0
4.633,-0.7000000000000001,0,-3.86,0,0,0,0.0,0
4.634,-0.7000000000000001,0,-3.86,0,0,0,0.0,0
4.636,-0.7000000000000001,0,-3.86,0,0,0,0.0,0
4.637,-0.7000000000000001,0,-3.86,0,0,0,0.0,0
4.638,-0.7000000000000001,0,-3.86,0,0,0,0.0,0
4.64,-0.7000000000000001,0,-3.86,0,0,0,0.0,0
4.64,-0.7000000000000001,0,-3.86,0,0,0,0.0,0
4.642,-0.7000000000000001,0,-3.86,0,0,0,0.0,0
4.643,-0.7000000000000001,0,-3.86,0,0,0,0.0,0
4.644,-0.7000000000000001,0,-3.86,0,0,0,0.0,0
4.645,-0.7000000000000001,0,-3.86,0,0,0,0.0,0
4.646,-0.7000000000000001,0,-3.86,0,0,0,0.0,0
4.647,-0.7000000000000001,0,-3.86,0,0,0,0.0,0
4.648,-0.7000000000000001,0,-3.86,0,0,0,0.0,0
4.649,-0.7000000000000001,0,-3.86,0,0,0,0.0,0
4.65,-0.7000000000000001,0,-3.86,0,0,0,0.0,0
4.651,-0.7000000000000001,0,-3.86,0,0,0,0.0,0
4.652,-0.7000000000000001,0,-3.86,0,0,0,0.0,0
4.653,-0.7000000000000001,0,-3.86,0,0,0,0.0,0
4.654,-0.7000000000000001,0,-3.86,0,0,0,0.0,0
4.666,-0.7000000000000001,0,-3.86,0,0,0,0.0,0
4.678,-0.7000000000000001,0,-3.86,0,0,0,0.0,0
4.691,-0.7000000000000001,0,-4.04,0,0,0,0.0,0
4.696,-0.7000000000000001,0,-4.04,0,0,0,0.0,0
4.703,-0.7000000000000001,0,-3.86,0,0,0,0.0,0
4.71,-0.7000000000000001,0,-3.86,0,0,0,0.0,0
4.721,-0.7000000000000001,0,-3.86,0,0,0,0.0,0
4.723,-0.7000000000000001,0,-3.86,0,0,0,0.0,0
4.724,-0.7000000000000001,0,-3.69,0,0,0,0.0,0
4.725,-0.7000000000000001,0,-3.69,0,0,0,0.0,0
4.726,-0.7000000000000001,0,-3.69,0,0,0,0.0,0
4.727,-0.7000000000000001,0,-3.69,0,0,0,0.0,0
4.728,-0.7000000000000001,0,-3.69,0,0,0,0.0,0
4.729,-0.7000000000000001,0,-3.69,0,0,0,0.0,0
4.73,-0.7000000000000001,0,-3.69,0,0,0,0.0,0
4.731,-0.7000000000000001,0,-3.69,0,0,0,0.0,0
4.732,-0.7000000000000001,0,-3.69,0,0,0,0.0,0
4.733,-0.7000000000000001,0,-3.69,0,0,0,0.0,0
4.734,-0.7000000000000001,0,-3.69,0,0,0,0.0,0
4.735,-0.7000000000000001,0,-3.69,0,0,0,0.0,0
4.735,-0.7000000000000001,0,-3.69,0,0,0,0.0,0
4.736,-0.7000000000000001,0,-3.69,0,0,0,0.0,0
4.737,-0.7000000000000001,0,-3.69,0,0,0,0.0,0
4.738,-0.7000000000000001,0,-3.69,0,0,0,0.0,0
4.738,-0.7000000000000001,0,-3.69,0,0,0,0.0,0
4.739,-0.7000000000000001,0,-3.69,0,0,0,0.0,0
4.74,-0.7000000000000001,0,-3.51,0,0,0,0.0,0
4.74,-0.7000000000000001,0,-3.51,0,0,0,0.0,0
4.741,-0.7000000000000001,0,-3.51,0,0,0,0.0,0
4.742,-0.7000000000000001,0,-3.51,0,0,0,0.0,0
4.742,-0.7000000000000001,0,-3.51,0,0,0,0.0,0
4.744,-0.7000000000000001,0,-3.51,0,0,0,0.0,0
4.744,-0.7000000000000001,0,-3.51,0,0,0,0.0,0
4.745,-0.7000000000000001,0,-3.51,0,0,0,0.0,0
4.745,-0.7000000000000001,0,-3.51,0,0,0,0.0,0
4.746,-0.7000000000000001,0,-3.51,0,0,0,0.0,0
4.746,-0.7000000000000001,0,-3.51,0,0,0,0.0,0
4.747,-0.7000000000000001,0,-3.51,0,0,0,0.0,0
4.748,-0.7000000000000001,0,-3.51,0,0,0,0.0,0
4.748,-0.7000000000000001,0,-3.51,0,0,0,0.0,0
4.749,-0.7000000000000001,0,-3.51,0,0,0,0.0,0
4.75,-0.7000000000000001,0,-3.51,0,0,0,0.0,0
4.75,-0.7000000000000001,0,-3.51,0,0,0,0.0,0
4.751,-0.7000000000000001,0,-3.51,0,0,0,0.0,0
4.751,-0.7000000000000001,0,-3.51,0,0,0,0.0,0
4.752,-0.7000000000000001,0,-3.51,0,0,0,0.0,0
4.753,-0.7000000000000001,0,-3.51,0,0,0,0.0,0
4.753,-0.7000000000000001,0,-3.51,0,0,0,0.0,0
4.754,-0.7000000000000001,0,-3.51,0,0,0,0.0,0
4.754,-0.7000000000000001,0,-3.51,0,0,0,0.0,0
4.755,-0.7000000000000001,0,-3.33,0,0,0,0.0,0
4.755,-0.7000000000000001,0,-3.33,0,0,0,0.0,0
4.756,-0.7000000000000001,0,-3.33,0,0,0,0.0,0
4.756,-0.7000000000000001,0,-3.33,0,0,0,0.0,0
4.757,-0.7000000000000001,0,-3.33,0,0,0,0.0,0
4.758,-0.7000000000000001,0,-3.33,0,0,0,0.0,0
4.758,-0.7000000000000001,0,-3.33,0,0,0,0.0,0
4.759,-0.7000000000000001,0,-3.33,0,0,0,0.0,0
4.759,-0.7000000000000001,0,-3.33,0,0,0,0.0,0
4.76,-0.7000000000000001,0,-3.33,0,0,0,0.0,0
4.761,-0.7000000000000001,0,-3.33,0,0,0,0.0,0
4.761,-0.7000000000000001,0,-3.33,0,0,0,0.0,0
4.768,-0.7000000000000001,0,-3.33,0,0,0,0.0,0
4.769,-0.7000000000000001,0,-3.33,0,0,0,0.0,0
4.777,-0.7000000000000001,0,-3.33,0,0,0,0.0,0
4.78,-0.7000000000000001,0,-3.33,0,0,0,0.0,0
4.783,-0.7000000000000001,0,-3.16,0,0,0,0.0,0
4.784,-0.7000000000000001,0,-3.16,0,0,0,0.0,0
4.787,-0.7000000000000001,0,-3.16,0,0,0,0.0,0
4.791,-0.7000000000000001,0,-3.16,0,0,0,0.0,0
4.795,-0.7000000000000001,0,-2.98,0,0,0,0.0,0
4.797,-0.7000000000000001,0,-2.98,0,0,0,0.0,0
4.799,-0.7000000000000001,0,-2.98,0,0,0,0.0,0
4.799,-0.7000000000000001,0,-2.81,0,0,0,0.0,0
4.8,-0.7000000000000001,0,-2.81,0,0,0,0.0,0
4.801,-0.7000000000000001,0,-2.81,0,0,0,0.0,0
4.801,-0.7000000000000001,0,-2.81,0,0,0,0.0,0
4.802,-0.7000000000000001,0,-2.81,0,0,0,0.0,0
4.803,-0.7000000000000001,0,-2.81,0,0,0,0.0,0
4.803,-0.7000000000000001,0,-2.81,0,0,0,0.0,0
4.804,-0.7000000000000001,0,-2.81,0,0,0,0.0,0
4.804,-0.7000000000000001,0,-2.81,0,0,0,0.0,0
4.805,-0.7000000000000001,0,-2.81,0,0,0,0.0,0
4.806,-0.7000000000000001,0,-2.81,0,0,0,0.0,0
4.807,-0.7000000000000001,0,-2.81,0,0,0,0.0,0
4.807,-0.7000000000000001,0,-2.81,0,0,0,0.0,0
4.808,-0.7000000000000001,0,-2.81,0,0,0,0.0,0
4.808,-0.7000000000000001,0,-2.81,0,0,0,0.0,0
4.809,-0.7000000000000001,0,-2.81,0,0,0,0.0,0
4.81,-0.7000000000000001,0,-2.81,0,0,0,0.0,0
4.81,-0.7000000000000001,0,-2.63,0,0,0,0.0,0
4.811,-0.7000000000000001,0,-2.63,0,0,0,0.0,0
4.812,-0.7000000000000001,0,-2.63,0,0,0,0.0,0
4.812,-0.7000000000000001,0,-2.63,0,0,0,0.0,0
4.813,-0.7000000000000001,0,-2.63,0,0,0,0.0,0
4.813,-0.7000000000000001,0,-2.63,0,0,0,0.0,0
4.814,-0.7000000000000001,0,-2.63,0,0,0,0.0,0
4.815,-0.7000000000000001,0,-2.63,0,0,0,0.0,0
4.815,-0.7000000000000001,0,-2.63,0,0,0,0.0,0
4.816,-0.7000000000000001,0,-2.63,0,0,0,0.0,0
4.816,-0.7000000000000001,0,-2.63,0,0,0,0.0,0
4.817,-0.7000000000000001,0,-2.63,0,0,0,0.0,0
4.817,-0.7000000000000001,0,-2.63,0,0,0,0.0,0
4.818,-0.7000000000000001,0,-2.63,0,0,0,0.0,0
4.819,-0.7000000000000001,0,-2.63,0,0,0,0.0,0
4.819,-0.7000000000000001,0,-2.63,0,0,0,0.0,0
4.819,-0.7000000000000001,0,-2.63,0,0,0,0.0,0
4.82,-0.7000000000000001,0,-2.63,0,0,0,0.0,0
4.821,-0.7000000000000001,0,-2.63,0,0,0,0.0,0
4.821,-0.7000000000000001,0,-2.63,0,0,0,0.0,0
4.821,-0.7000000000000001,0,-2.63,0,0,0,0.0,0
4.822,-0.7000000000000001,0,-2.63,0,0,0,0.0,0
4.822,-0.7000000000000001,0,-2.63,0,0,0,0.0,0
4.823,-0.7000000000000001,0,-2.63,0,0,0,0.0,0
4.824,-0.7000000000000001,0,-2.63,0,0,0,0.0,0
4.825,-0.7000000000000001,0,-2.63,0,0,0,0.0,0
4.825,-0.7000000000000001,0,-2.63,0,0,0,0.0,0
4.826,-0.7000000000000001,0,-2.63,0,0,0,0.0,0
4.826,-0.7000000000000001,0,-2.63,0,0,0,0.0,0
4.827,-0.7000000000000001,0,-2.63,0,0,0,0.0,0
4.828,-0.7000000000000001,0,-2.46,0,0,0,0.0,0
4.828,-0.7000000000000001,0,-2.46,0,0,0,0.0,0
4.829,-0.7000000000000001,0,-2.46,0,0,0,0.0,0
4.83,-0.7000000000000001,0,-2.46,0,0,0,0.0,0
4.83,-0.7000000000000001,0,-2.46,0,0,0,0.0,0
4.831,-0.7000000000000001,0,-2.46,0,0,0,0.0,0
4.832,-0.7000000000000001,0,-2.46,0,0,0,0.0,0
4.833,-0.7000000000000001,0,-2.46,0,0,0,0.0,0
4.834,-0.7000000000000001,0,-2.46,0,0,0,0.0,0
4.834,-0.7000000000000001,0,-2.46,0,0,0,0.0,0
4.835,-0.7000000000000001,0,-2.46,0,0,0,0.0,0
4.836,-0.7000000000000001,0,-2.46,0,0,0,0.0,0
4.837,-0.7000000000000001,0,-2.46,0,0,0,0.0,0
4.837,-0.7000000000000001,0,-2.46,0,0,0,0.0,0
4.838,-0.7000000000000001,0,-2.46,0,0,0,0.0,0
4.839,-0.7000000000000001,0,-2.46,0,0,0,0.0,0
4.84,-0.7000000000000001,0,-2.2800000000000002,0,0,0,0.0,0
4.841,-0.7000000000000001,0,-2.2800000000000002,0,0,0,0.0,0
4.841,-0.7000000000000001,0,-2.2800000000000002,0,0,0,0.0,0
4.842,-0.7000000000000001,0,-2.2800000000000002,0,0,0,0.0,0
4.843,-0.7000000000000001,0,-2.2800000000000002,0,0,0,0.0,0
4.844,-0.7000000000000001,0,-2.2800000000000002,0,0,0,0.0,0
4.845,-0.7000000000000001,0,-2.2800000000000002,0,0,0,0.0,0
4.845,-0.7000000000000001,0,-2.2800000000000002,0,0,0,0.0,0
4.846,-0.7000000000000001,0,-2.2800000000000002,0,0,0,0.0,0
4.847,-0.7000000000000001,0,-2.2800000000000002,0,0,0,0.0,0
4.848,-0.7000000000000001,0,-2.2800000000000002,0,0,0,0.0,0
4.848,-0.7000000000000001,0,-2.2800000000000002,0,0,0,0.0,0
4.849,-0.7000000000000001,0,-2.2800000000000002,0,0,0,0.0,0
4.85,-0.7000000000000001,0,-2.2800000000000002,0,0,0,0.0,0
4.85,-0.7000000000000001,0,-2.2800000000000002,0,0,0,0.0,0
4.851,-0.7000000000000001,0,-2.2800000000000002,0,0,0,0.0,0
4.851,-0.7000000000000001,0,-2.1,0,0,0,0.0,0
4.852,-0.7000000000000001,0,-2.1,0,0,0,0.0,0
4.853,-0.7000000000000001,0,-2.1,0,0,0,0.0,0
4.853,-0.7000000000000001,0,-2.1,0,0,0,0.0,0
4.854,-0.7000000000000001,0,-2.1,0,0,0,0.0,0
4.854,-0.7000000000000001,0,-2.1,0,0,0,0.0,0
4.855,-0.7000000000000001,0,-2.1,0,0,0,0.0,0
4.856,-0.7000000000000001,0,-2.1,0,0,0,0.0,0
4.856,-0.7000000000000001,0,-2.1,0,0,0,0.0,0
4.857,-0.7000000000000001,0,-2.1,0,0,0,0.0,0
4.857,-0.7000000000000001,0,-2.1,0,0,0,0.0,0
4.858,-0.7000000000000001,0,-2.1,0,0,0,0.0,0
4.858,-0.7000000000000001,0,-2.1,0,0,0,0.0,0
4.859,-0.7000000000000001,0,-2.1,0,0,0,0.0,0
4.859,-0.7000000000000001,0,-2.1,0,0,0,0.0,0
4.86,-0.7000000000000001,0,-2.1,0,0,0,0.0,0
4.861,-0.7000000000000001,0,-2.1,0,0,0,0.0,0
4.861,-0.7000000000000001,0,-2.1,0,0,0,0.0,0
4.862,-0.7000000000000001,0,-2.1,0,0,0,0.0,0
4.863,-0.7000000000000001,0,-2.1,0,0,0,0.0,0
4.863,-0.7000000000000001,0,-1.9300000000000002,0,0,0,0.0,0
4.864,-0.7000000000000001,0,-1.9300000000000002,0,0,0,0.0,0
4.864,-0.7000000000000001,0,-1.9300000000000002,0,0,0,0.0,0
4.866,-0.7000000000000001,0,-1.9300000000000002,0,0,0,0.0,0
4.866,-0.7000000000000001,0,-1.9300000000000002,0,0,0,0.0,0
4.867,-0.7000000000000001,0,-1.9300000000000002,0,0,0,0.0,0
4.867,-0.7000000000000001,0,-1.9300000000000002,0,0,0,0.0,0
4.868,-0.7000000000000001,0,-1.9300000000000002,0,0,0,0.0,0
4.869,-0.7000000000000001,0,-1.9300000000000002,0,0,0,0.0,0
4.869,-0.7000000000000001,0,-1.9300000000000002,0,0,0,0.0,0
4.87,-0.7000000000000001,0,-1.9300000000000002,0,0,0,0.0,0
4.87,-0.7000000000000001,0,-1.9300000000000002,0,0,0,0.0,0
4.871,-0.7000000000000001,0,-1.9300000000000002,0,0,0,0.0,0
4.871,-0.7000000000000001,0,-1.9300000000000002,0,0,0,0.0,0
4.878,-0.7000000000000001,0,-1.9300000000000002,0,0,0,0.0,0
4.88,-0.7000000000000001,0,-1.9300000000000002,0,0,0,0.0,0
4.882,-0.7000000000000001,0,-1.9300000000000002,0,0,0,0.0,0
4.885,-0.7000000000000001,0,-1.9300000000000002,0,0,0,0.0,0
4.887,-0.7000000000000001,0,-1.9300000000000002,0,0,0,0.0,0
4.889,-0.7000000000000001,0,-1.9300000000000002,0,0,0,0.0,0
4.9,-0.7000000000000001,0,-1.75,0,0,0,0.0,0
4.908,-0.7000000000000001,0,-1.75,0,0,0,0.0,0
4.914,-0.7000000000000001,0,-1.58,0,0,0,0.0,0
4.916,-0.7000000000000001,0,-1.58,0,0,0,0.0,0
4.917,-0.7000000000000001,0,-1.58,0,0,0,0.0,0
4.918,-0.7000000000000001,0,-1.58,0,0,0,0.0,0
4.918,-0.7000000000000001,0,-1.58,0,0,0,0.0,0
4.919,-0.7000000000000001,0,-1.58,0,0,0,0.0,0
4.92,-0.7000000000000001,0,-1.58,0,0,0,0.0,0
4.921,-0.7000000000000001,0,-1.58,0,0,0,0.0,0
4.922,-0.7000000000000001,0,-1.58,0,0,0,0.0,0
4.922,-0.7000000000000001,0,-1.58,0,0,0,0.0,0
4.923,-0.7000000000000001,0,-1.58,0,0,0,0.0,0
4.923,-0.7000000000000001,0,-1.58,0,0,0,0.0,0
4.923,-0.7000000000000001,0,-1.58,0,0,0,0.0,0
4.925,-0.7000000000000001,0,-1.58,0,0,0,0.0,0
4.925,-0.7000000000000001,0,-1.58,0,0,0,0.0,0
4.926,-0.7000000000000001,0,-1.58,0,0,0,0.0,0
4.926,-0.7000000000000001,0,-1.58,0,0,0,0.0,0
4.927,-0.7000000000000001,0,-1.58,0,0,0,0.0,0
4.927,-0.7000000000000001,0,-1.58,0,0,0,0.0,0
4.928,-0.7000000000000001,0,-1.58,0,0,0,0.0,0
4.928,-0.7000000000000001,0,-1.58,0,0,0,0.0,0
4.928,-0.7000000000000001,0,-1.58,0,0,0,0.0,0
4.929,-0.7000000000000001,0,-1.58,0,0,0,0.0,0
4.93,-0.7000000000000001,0,-1.58,0,0,0,0.0,0
4.93,-0.7000000000000001,0,-1.58,0,0,0,0.0,0
4.931,-0.7000000000000001,0,-1.58,0,0,0,0.0,0
4.932,-0.7000000000000001,0,-1.58,0,0,0,0.0,0
4.932,-0.7000000000000001,0,-1.58,0,0,0,0.0,0
4.933,-0.7000000000000001,0,-1.58,0,0,0,0.0,0
4.933,-0.7000000000000001,0,-1.58,0,0,0,0.0,0
4.934,-0.7000000000000001,0,-1.58,0,0,0,0.0,0
4.934,-0.7000000000000001,0,-1.4,0,0,0,0.0,0
4.935,-0.7000000000000001,0,-1.4,0,0,0,0.0,0
4.935,-0.7000000000000001,0,-1.4,0,0,0,0.0,0
4.936,-0.7000000000000001,0,-1.4,0,0,0,0.0,0
4.937,-0.7000000000000001,0,-1.4,0,0,0,0.0,0
4.937,-0.7000000000000001,0,-1.4,0,0,0,0.0,0
4.938,-0.7000000000000001,0,-1.4,0,0,0,0.0,0
4.938,-0.7000000000000001,0,-1.4,0,0,0,0.0,0
4.938,-0.7000000000000001,0,-1.4,0,0,0,0.0,0
4.94,-0.7000000000000001,0,-1.4,0,0,0,0.0,0
4.94,-0.7000000000000001,0,-1.4,0,0,0,0.0,0
4.941,-0.7000000000000001,0,-1.4,0,0,0,0.0,0
4.941,-0.7000000000000001,0,-1.4,0,0,0,0.0,0
4.942,-0.7000000000000001,0,-1.4,0,0,0,0.0,0
4.942,-0.7000000000000001,0,-1.4,0,0,0,0.0,0
4.943,-0.7000000000000001,0,-1.4,0,0,0,0.0,0
4.943,-0.7000000000000001,0,-1.4,0,0,0,0.0,0
4.943,-0.7000000000000001,0,-1.4,0,0,0,0.0,0
4.944,-0.7000000000000001,0,-1.4,0,0,0,0.0,0
4.944,-0.7000000000000001,0,-1.4,0,0,0,0.0,0
4.946,-0.7000000000000001,0,-1.4,0,0,0,0.0,0
4.946,-0.7000000000000001,0,-1.4,0,0,0,0.0,0
4.947,-0.7000000000000001,0,-1.4,0,0,0,0.0,0
4.947,-0.7000000000000001,0,-1.4,0,0,0,0.0,0
4.948,-0.7000000000000001,0,-1.4,0,0,0,0.0,0
4.948,-0.7000000000000001,0,-1.4,0,0,0,0.0,0
4.948,-0.7000000000000001,0,-1.4,0,0,0,0.0,0
4.95,-0.7000000000000001,0,-1.4,0,0,0,0.0,0
4.95,-0.7000000000000001,0,-1.4,0,0,0,0.0,0
4.95,-0.7000000000000001,0,-1.4,0,0,0,0.0,0
4.952,-0.7000000000000001,0,-1.4,0,0,0,0.0,0
4.953,-0.7000000000000001,0,-1.4,0,0,0,0.0,0
4.953,-0.7000000000000001,0,-1.4,0,0,0,0.0,0
4.954,-0.7000000000000001,0,-1.4,0,0,0,0.0,0
4.955,-0.7000000000000001,0,-1.4,0,0,0,0.0,0
4.956,-0.7000000000000001,0,-1.4,0,0,0,0.0,0
4.957,-0.7000000000000001,0,-1.4,0,0,0,0.0,0
4.957,-0.7000000000000001,0,-1.4,0,0,0,0.0,0
4.958,-0.7000000000000001,0,-1.4,0,0,0,0.0,0
4.959,-0.7000000000000001,0,-1.4,0,0,0,0.0,0
4.959,-0.7000000000000001,0,-1.4,0,0,0,0.0,0
4.96,-0.7000000000000001,0,-1.4,0,0,0,0.0,0
4.96,-0.7000000000000001,0,-1.4,0,0,0,0.0,0
4.961,-0.7000000000000001,0,-1.4,0,0,0,0.0,0
4.962,-0.7000000000000001,0,-1.4,0,0,0,0.0,0
4.962,-0.7000000000000001,0,-1.4,0,0,0,0.0,0
4.963,-0.7000000000000001,0,-1.4,0,0,0,0.0,0
4.963,-0.7000000000000001,0,-1.4,0,0,0,0.0,0
4.964,-0.7000000000000001,0,-1.4,0,0,0,0.0,0
4.965,-0.7000000000000001,0,-1.4,0,0,0,0.0,0
4.966,-0.7000000000000001,0,-1.4,0,0,0,0.0,0
4.967,-0.7000000000000001,0,-1.4,0,0,0,0.0,0
4.968,-0.7000000000000001,0,-1.4,0,0,0,0.0,0
4.969,-0.7000000000000001,0,-1.4,0,0,0,0.0,0
4.97,-0.7000000000000001,0,-1.4,0,0,0,0.0,0
4.971,-0.7000000000000001,0,-1.4,0,0,0,0.0,0
4.972,-0.7000000000000001,0,-1.4,0,0,0,0.0,0
4.973,-0.7000000000000001,0,-1.4,0,0,0,0.0,0
4.974,-0.7000000000000001,0,-1.4,0,0,0,0.0,0
4.975,-0.7000000000000001,0,-1.4,0,0,0,0.0,0
4.976,-0.7000000000000001,0,-1.4,0,0,0,0.0,0
4.977,-0.7000000000000001,0,-1.4,0,0,0,0.0,0
4.978,-0.7000000000000001,0,-1.4,0,0,0,0.0,0
4.979,-0.7000000000000001,0,-1.4,0,0,0,0.0,0
4.98,-0.7000000000000001,0,-1.4,0,0,0,0.0,0
4.981,-0.7000000000000001,0,-1.4,0,0,0,0.0,0
4.983,-0.7000000000000001,0,-1.4,0,0,0,0.0,0
4.993,-0.7000000000000001,0,-1.58,0,0,0,0.0,0
5.001,-0.7000000000000001,0,-1.58,0,0,0,0.0,0
5.012,-0.7000000000000001,0,-1.58,0,0,0,0.0,0
5.023,-0.7000000000000001,0,-1.58,0,0,0,0.0,0
5.029,-0.7000000000000001,0,-1.75,0,0,0,0.0,0
5.038,-0.7000000000000001,0,-1.75,0,0,0,0.0,0
5.043,-0.7000000000000001,0,-1.9300000000000002,0,0,0,0.0,0
5.051,-0.7000000000000001,0,-1.9300000000000002,0,0,0,0.0,0
5.056,-0.7000000000000001,0,-1.9300000000000002,0,0,0,0.0,0
5.058,-0.7000000000000001,0,-2.1,0,0,0,0.0,0
5.059,-0.7000000000000001,0,-2.1,0,0,0,0.0,0
5.06,-0.7000000000000001,0,-2.1,0,0,0,0.0,0
5.061,-0.7000000000000001,0,-2.1,0,0,0,0.0,0
5.062,-0.7000000000000001,0,-2.1,0,0,0,0.0,0
5.063,-0.7000000000000001,0,-2.2800000000000002,0,0,0,0.0,0
5.065,-0.7000000000000001,0,-2.2800000000000002,0,0,0,0.0,0
5.066,-0.7000000000000001,0,-2.2800000000000002,0,0,0,0.0,0
5.067,-0.7000000000000001,0,-2.2800000000000002,0,0,0,0.0,0
5.068,-0.7000000000000001,0,-2.2800000000000002,0,0,0,0.0,0
5.069,-0.7000000000000001,0,-2.2800000000000002,0,0,0,0.0,0
5.07,-0.7000000000000001,0,-2.2800000000000002,0,0,0,0.0,0
5.071,-0.7000000000000001,0,-2.2800000000000002,0,0,0,0.0,0
5.072,-0.7000000000000001,0,-2.2800000000000002,0,0,0,0.0,0
5.073,-0.7000000000000001,0,-2.2800000000000002,0,0,0,0.0,0
5.074,-0.7000000000000001,0,-2.2800000000000002,0,0,0,0.0,0
5.075,-0.7000000000000001,0,-2.2800000000000002,0,0,0,0.0,0
5.076,-0.7000000000000001,0,-2.2800000000000002,0,0,0,0.0,0
5.077,-0.7000000000000001,0,-2.46,0,0,0,0.0,0
5.078,-0.7000000000000001,0,-2.46,0,0,0,0.0,0
5.079,-0.7000000000000001,0,-2.46,0,0,0,0.0,0
5.079,-0.7000000000000001,0,-2.46,0,0,0,0.0,0
5.08,-0.7000000000000001,0,-2.46,0,0,0,0.0,0
5.081,-0.7000000000000001,0,-2.46,0,0,0,0.0,0
5.082,-0.7000000000000001,0,-2.46,0,0,0,0.0,0
5.083,-0.7000000000000001,0,-2.46,0,0,0,0.0,0
5.084,-0.7000000000000001,0,-2.46,0,0,0,0.0,0
5.084,-0.7000000000000001,0,-2.46,0,0,0,0.0,0
5.085,-0.7000000000000001,0,-2.46,0,0,0,0.0,0
5.086,-0.7000000000000001,0,-2.46,0,0,0,0.0,0
5.087,-0.7000000000000001,0,-2.46,0,0,0,0.0,0
5.088,-0.7000000000000001,0,-2.46,0,0,0,0.0,0
5.089,-0.7000000000000001,0,-2.63,0,0,0,0.0,0
5.09,-0.7000000000000001,0,-2.63,0,0,0,0.0,0
5.091,-0.7000000000000001,0,-2.63,0,0,0,0.0,0
5.097,-0.7000000000000001,0,-2.63,0,0,0,0.0,0
5.109,-0.7000000000000001,0,-2.63,0,0,0,0.0,0
5.114,-0.7000000000000001,0,-2.63,0,0,0,0.0,0
5.118,-0.7000000000000001,0,-2.81,0,0,0,0.0,0
5.12,-0.7000000000000001,0,-2.81,0,0,0,0.0,0
5.125,-0.7000000000000001,0,-2.98,0,0,0,0.0,0
5.127,-0.7000000000000001,0,-2.98,0,0,0,0.0,0
5.134,-0.7000000000000001,0,-2.98,0,0,0,0.0,0
5.14,-0.7000000000000001,0,-2.98,0,0,0,0.0,0
5.144,-0.7000000000000001,0,-3.16,0,0,0,0.0,0
5.149,-0.7000000000000001,0,-3.16,0,0,0,0.0,0
5.152,-0.7000000000000001,0,-3.33,0,0,0,0.0,0
5.155,-0.7000000000000001,0,-3.33,0,0,0,0.0,0
5.156,-0.7000000000000001,0,-3.33,0,0,0,0.0,0
5.157,-0.7000000000000001,0,-3.33,0,0,0,0.0,0
5.158,-0.7000000000000001,0,-3.33,0,0,0,0.0,0
5.158,-0.7000000000000001,0,-3.33,0,0,0,0.0,0
5.159,-0.7000000000000001,0,-3.33,0,0,0,0.0,0
5.16,-0.7000000000000001,0,-3.33,0,0,0,0.0,0
5.161,-0.7000000000000001,0,-3.33,0,0,0,0.0,0
5.161,-0.7000000000000001,0,-3.33,0,0,0,0.0,0
5.162,-0.7000000000000001,0,-3.33,0,0,0,0.0,0
5.163,-0.7000000000000001,0,-3.33,0,0,0,0.0,0
5.164,-0.7000000000000001,0,-3.33,0,0,0,0.0,0
5.165,-0.7000000000000001,0,-3.33,0,0,0,0.0,0
5.166,-0.7000000000000001,0,-3.51,0,0,0,0.0,0
5.166,-0.7000000000000001,0,-3.51,0,0,0,0.0,0
5.167,-0.7000000000000001,0,-3.51,0,0,0,0.0,0
5.168,-0.7000000000000001,0,-3.51,0,0,0,0.0,0
5.169,-0.7000000000000001,0,-3.51,0,0,0,0.0,0
5.169,-0.7000000000000001,0,-3.51,0,0,0,0.0,0
5.17,-0.7000000000000001,0,-3.51,0,0,0,0.0,0
5.171,-0.7000000000000001,0,-3.51,0,0,0,0.0,0
5.171,-0.7000000000000001,0,-3.51,0,0,0,0.0,0
5.172,-0.7000000000000001,0,-3.51,0,0,0,0.0,0
5.173,-0.7000000000000001,0,-3.51,0,0,0,0.0,0
5.173,-0.7000000000000001,0,-3.51,0,0,0,0.0,0
5.174,-0.7000000000000001,0,-3.51,0,0,0,0.0,0
5.174,-0.7000000000000001,0,-3.51,0,0,0,0.0,0
5.175,-0.7000000000000001,0,-3.51,0,0,0,0.0,0
5.175,-0.7000000000000001,0,-3.51,0,0,0,0.0,0
5.176,-0.7000000000000001,0,-3.51,0,0,0,0.0,0
5.176,-0.7000000000000001,0,-3.51,0,0,0,0.0,0
5.177,-0.7000000000000001,0,-3.51,0,0,0,0.0,0
5.177,-0.7000000000000001,0,-3.51,0,0,0,0.0,0
5.178,-0.7000000000000001,0,-3.51,0,0,0,0.0,0
5.178,-0.7000000000000001,0,-3.51,0,0,0,0.0,0
5.179,-0.7000000000000001,0,-3.51,0,0,0,0.0,0
5.179,-0.7000000000000001,0,-3.51,0,0,0,0.0,0
5.18,-0.7000000000000001,0,-3.51,0,0,0,0.0,0
5.18,-0.7000000000000001,0,-3.51,0,0,0,0.0,0
5.181,-0.7000000000000001,0,-3.51,0,0,0,0.0,0
5.181,-0.7000000000000001,0,-3.51,0,0,0,0.0,0
5.182,-0.7000000000000001,0,-3.51,0,0,0,0.0,0
5.182,-0.7000000000000001,0,-3.51,0,0,0,0.0,0
5.183,-0.7000000000000001,0,-3.51,0,0,0,0.0,0
5.183,-0.7000000000000001,0,-3.69,0,0,0,0.0,0
5.184,-0.7000000000000001,0,-3.69,0,0,0,0.0,0
5.184,-0.7000000000000001,0,-3.69,0,0,0,0.0,0
5.185,-0.7000000000000001,0,-3.69,0,0,0,0.0,0
5.185,-0.7000000000000001,0,-3.69,0,0,0,0.0,0
5.186,-0.7000000000000001,0,-3.69,0,0,0,0.0,0
5.186,-0.7000000000000001,0,-3.69,0,0,0,0.0,0
5.187,-0.7000000000000001,0,-3.69,0,0,0,0.0,0
5.187,-0.7000000000000001,0,-3.69,0,0,0,0.0,0
5.188,-0.7000000000000001,0,-3.69,0,0,0,0.0,0
5.188,-0.7000000000000001,0,-3.69,0,0,0,0.0,0
5.189,-0.7000000000000001,0,-3.69,0,0,0,0.0,0
5.19,-0.7000000000000001,0,-3.69,0,0,0,0.0,0
5.19,-0.7000000000000001,0,-3.69,0,0,0,0.0,0
5.19,-0.7000000000000001,0,-3.69,0,0,0,0.0,0
5.191,-0.7000000000000001,0,-3.69,0,0,0,0.0,0
5.191,-0.7000000000000001,0,-3.69,0,0,0,0.0,0
5.192,-0.7000000000000001,0,-3.69,0,0,0,0.0,0
5.192,-0.7000000000000001,0,-3.69,0,0,0,0.0,0
5.192,-0.7000000000000001,0,-3.69,0,0,0,0.0,0
5.193,-0.7000000000000001,0,-3.69,0,0,0,0.0,0
5.193,-0.7000000000000001,0,-3.69,0,0,0,0.0,0
5.194,-0.7000000000000001,0,-3.69,0,0,0,0.0,0
5.194,-0.7000000000000001,0,-3.69,0,0,0,0.0,0
5.195,-0.7000000000000001,0,-3.69,0,0,0,0.0,0
5.195,-0.7000000000000001,0,-3.69,0,0,0,0.0,0
5.196,-0.7000000000000001,0,-3.69,0,0,0,0.0,0
5.196,-0.7000000000000001,0,-3.69,0,0,0,0.0,0
5.197,-0.7000000000000001,0,-3.69,0,0,0,0.0,0
5.197,-0.7000000000000001,0,-3.69,0,0,0,0.0,0
5.198,-0.7000000000000001,0,-3.69,0,0,0,0.0,0
5.198,-0.7000000000000001,0,-3.69,0,0,0,0.0,0
5.2,-0.7000000000000001,0,-3.69,0,0,0,0.0,0
5.203,-0.7000000000000001,0,-3.69,0,0,0,0.0,0
5.204,-0.7000000000000001,0,-3.69,0,0,0,0.0,0
5.206,-0.7000000000000001,0,-3.69,0,0,0,0.0,0
5.207,-0.7000000000000001,0,-3.69,0,0,0,0.0,0
5.211,-0.7000000000000001,0,-3.86,0,0,0,0.0,0
5.214,-0.7000000000000001,0,-3.86,0,0,0,0.0,0
5.217,-0.7000000000000001,0,-3.86,0,0,0,0.0,0
5.22,-0.7000000000000001,0,-3.86,0,0,0,0.0,0
5.222,-0.7000000000000001,0,-3.86,0,0,0,0.0,0
5.223,-0.7000000000000001,0,-3.86,0,0,0,0.0,0
5.224,-0.7000000000000001,0,-3.86,0,0,0,0.0,0
5.225,-0.7000000000000001,0,-3.86,0,0,0,0.0,0
5.227,-0.7000000000000001,0,-3.86,0,0,0,0.0,0
5.233,-0.7000000000000001,0,-3.86,0,0,0,0.0,0
5.236,-0.7000000000000001,0,-3.86,0,0,0,0.0,0
5.238,-0.7000000000000001,0,-3.86,0,0,0,0.0,0
5.239,-0.7000000000000001,0,-3.86,0,0,0,0.0,0
5.24,-0.7000000000000001,0,-3.86,0,0,0,0.0,0
5.24,-0.7000000000000001,0,-3.86,0,0,0,0.0,0
5.241,-0.7000000000000001,0,-3.86,0,0,0,0.0,0
5.241,-0.7000000000000001,0,-3.86,0,0,0,0.0,0
5.241,-0.7000000000000001,0,-3.86,0,0,0,0.0,0
5.242,-0.7000000000000001,0,-3.86,0,0,0,0.0,0
5.243,-0.7000000000000001,0,-3.86,0,0,0,0.0,0
5.243,-0.7000000000000001,0,-3.86,0,0,0,0.0,0
5.244,-0.7000000000000001,0,-3.86,0,0,0,0.0,0
5.245,-0.7000000000000001,0,-3.86,0,0,0,0.0,0
5.245,-0.7000000000000001,0,-3.86,0,0,0,0.0,0
5.246,-0.7000000000000001,0,-3.86,0,0,0,0.0,0
5.248,-0.7000000000000001,0,-3.86,0,0,0,0.0,0
5.248,-0.7000000000000001,0,-3.86,0,0,0,0.0,0
5.249,-0.7000000000000001,0,-3.86,0,0,0,0.0,0
5.249,-0.7000000000000001,0,-3.86,0,0,0,0.0,0
5.25,-0.7000000000000001,0,-3.86,0,0,0,0.0,0
5.251,-0.7000000000000001,0,-3.86,0,0,0,0.0,0
5.251,-0.7000000000000001,0,-3.86,0,0,0,0.0,0
5.252,-0.7000000000000001,0,-3.86,0,0,0,0.0,0
5.252,-0.7000000000000001,0,-3.86,0,0,0,0.0,0
5.253,-0.7000000000000001,0,-3.86,0,0,0,0.0,0
5.254,-0.7000000000000001,0,-3.86,0,0,0,0.0,0
5.254,-0.7000000000000001,0,-3.86,0,0,0,0.0,0
5.255,-0.7000000000000001,0,-3.86,0,0,0,0.0,0
5.255,-0.7000000000000001,0,-3.86,0,0,0,0.0,0
5.256,-0.7000000000000001,0,-3.86,0,0,0,0.0,0
5.256,-0.7000000000000001,0,-3.86,0,0,0,0.0,0
5.257,-0.7000000000000001,0,-3.86,0,0,0,0.0,0
5.258,-0.7000000000000001,0,-3.86,0,0,0,0.0,0
5.258,-0.7000000000000001,0,-3.86,0,0,0,0.0,0
5.259,-0.7000000000000001,0,-3.86,0,0,0,0.0,0
5.259,-0.7000000000000001,0,-3.86,0,0,0,0.0,0
5.259,-0.7000000000000001,0,-3.86,0,0,0,0.0,0
5.26,-0.7000000000000001,0,-3.86,0,0,0,0.0,0
5.26,-0.7000000000000001,0,-3.86,0,0,0,0.0,0
5.261,-0.7000000000000001,0,-3.86,0,0,0,0.0,0
5.261,-0.7000000000000001,0,-3.86,0,0,0,0.0,0
5.262,-0.7000000000000001,0,-3.86,0,0,0,0.0,0
5.263,-0.7000000000000001,0,-3.86,0,0,0,0.0,0
5.263,-0.7000000000000001,0,-3.86,0,0,0,0.0,0
5.263,-0.7000000000000001,0,-3.86,0,0,0,0.0,0
5.264,-0.7000000000000001,0,-3.86,0,0,0,0.0,0
5.264,-0.7000000000000001,0,-3.86,0,0,0,0.0,0
5.265,-0.7000000000000001,0,-3.86,0,0,0,0.0,0
5.265,-0.7000000000000001,0,-3.86,0,0,0,0.0,0
5.266,-0.7000000000000001,0,-3.86,0,0,0,0.0,0
5.267,-0.7000000000000001,0,-3.86,0,0,0,0.0,0
5.267,-0.7000000000000001,0,-3.86,0,0,0,0.0,0
5.268,-0.7000000000000001,0,-3.86,0,0,0,0.0,0
5.269,-0.7000000000000001,0,-3.86,0,0,0,0.0,0
5.269,-0.7000000000000001,0,-3.86,0,0,0,0.0,0
5.27,-0.7000000000000001,0,-3.86,0,0,0,0.0,0
5.27,-0.7000000000000001,0,-3.86,0,0,0,0.0,0
5.271,-0.7000000000000001,0,-3.86,0,0,0,0.0,0
5.272,-0.7000000000000001,0,-3.86,0,0,0,0.0,0
5.272,-0.7000000000000001,0,-3.86,0,0,0,0.0,0
5.273,-0.7000000000000001,0,-3.86,0,0,0,0.0,0
5.273,-0.7000000000000001,0,-3.86,0,0,0,0.0,0
5.274,-0.7000000000000001,0,-3.86,0,0,0,0.0,0
5.275,-0.7000000000000001,0,-3.86,0,0,0,0.0,0
5.275,-0.7000000000000001,0,-3.86,0,0,0,0.0,0
5.276,-0.7000000000000001,0,-3.86,0,0,0,0.0,0
5.277,-0.7000000000000001,0,-3.86,0,0,0,0.0,0
5.278,-0.7000000000000001,0,-3.86,0,0,0,0.0,0
5.278,-0.7000000000000001,0,-3.86,0,0,0,0.0,0
5.279,-0.7000000000000001,0,-3.69,0,0,0,0.0,0
5.28,-0.7000000000000001,0,-3.69,0,0,0,0.0,0
5.281,-0.7000000000000001,0,-3.69,0,0,0,0.0,0
5.281,-0.7000000000000001,0,-3.69,0,0,0,0.0,0
5.282,-0.7000000000000001,0,-3.69,0,0,0,0.0,0
5.283,-0.7000000000000001,0,-3.69,0,0,0,0.0,0
5.283,-0.7000000000000001,0,-3.69,0,0,0,0.0,0
5.284,-0.7000000000000001,0,-3.69,0,0,0,0.0,0
5.285,-0.7000000000000001,0,-3.69,0,0,0,0.0,0
5.285,-0.7000000000000001,0,-3.69,0,0,0,0.0,0
5.286,-0.7000000000000001,0,-3.69,0,0,0,0.0,0
5.287,-0.7000000000000001,0,-3.69,0,0,0,0.0,0
5.287,-0.7000000000000001,0,-3.69,0,0,0,0.0,0
5.287,-0.7000000000000001,0,-3.69,0,0,0,0.0,0
5.288,-0.7000000000000001,0,-3.69,0,0,0,0.0,0
5.288,-0.7000000000000001,0,-3.69,0,0,0,0.0,0
5.289,-0.7000000000000001,0,-3.69,0,0,0,0.0,0
5.29,-0.7000000000000001,0,-3.69,0,0,0,0.0,0
5.29,-0.7000000000000001,0,-3.69,0,0,0,0.0,0
5.291,-0.7000000000000001,0,-3.69,0,0,0,0.0,0
5.292,-0.7000000000000001,0,-3.69,0,0,0,0.0,0
5.292,-0.7000000000000001,0,-3.69,0,0,0,0.0,0
5.293,-0.7000000000000001,0,-3.69,0,0,0,0.0,0
5.294,-0.7000000000000001,0,-3.69,0,0,0,0.0,0
5.294,-0.7000000000000001,0,-3.69,0,0,0,0.0,0
5.295,-0.7000000000000001,0,-3.69,0,0,0,0.0,0
5.296,-0.7000000000000001,0,-3.69,0,0,0,0.0,0
5.297,-0.7000000000000001,0,-3.69,0,0,0,0.0,0
5.297,-0.7000000000000001,0,-3.69,0,0,0,0.0,0
5.298,-0.7000000000000001,0,-3.69,0,0,0,0.0,0
5.299,-0.7000000000000001,0,-3.69,0,0,0,0.0,0
5.299,-0.7000000000000001,0,-3.69,0,0,0,0.0,0
5.3,-0.7000000000000001,0,-3.51,0,0,0,0.0,0
5.3,-0.7000000000000001,0,-3.51,0,0,0,0.0,0
5.301,-0.7000000000000001,0,-3.51,0,0,0,0.0,0
5.302,-0.7000000000000001,0,-3.51,0,0,0,0.0,0
5.303,-0.7000000000000001,0,-3.51,0,0,0,0.0,0
5.303,-0.7000000000000001,0,-3.51,0,0,0,0.0,0
5.304,-0.7000000000000001,0,-3.51,0,0,0,0.0,0
5.305,-0.7000000000000001,0,-3.51,0,0,0,0.0,0
5.305,-0.7000000000000001,0,-3.51,0,0,0,0.0,0
5.306,-0.7000000000000001,0,-3.51,0,0,0,0.0,0
5.306,-0.7000000000000001,0,-3.51,0,0,0,0.0,0
5.307,-0.7000000000000001,0,-3.51,0,0,0,0.0,0
5.308,-0.7000000000000001,0,-3.51,0,0,0,0.0,0
5.308,-0.7000000000000001,0,-3.51,0,0,0,0.0,0
5.308,-0.7000000000000001,0,-3.51,0,0,0,0.0,0
5.31,-0.7000000000000001,0,-3.51,0,0,0,0.0,0
5.31,-0.7000000000000001,0,-3.51,0,0,0,0.0,0
5.311,-0.7000000000000001,0,-3.51,0,0,0,0.0,0
5.311,-0.7000000000000001,0,-3.51,0,0,0,0.0,0
5.312,-0.7000000000000001,0,-3.51,0,0,0,0.0,0
5.312,-0.7000000000000001,0,-3.51,0,0,0,0.0,0
5.313,-0.7000000000000001,0,-3.51,0,0,0,0.0,0
5.313,-0.7000000000000001,0,-3.51,0,0,0,0.0,0
5.314,-0.7000000000000001,0,-3.51,0,0,0,0.0,0
5.314,-0.7000000000000001,0,-3.51,0,0,0,0.0,0
5.315,-0.7000000000000001,0,-3.51,0,0,0,0.0,0
5.315,-0.7000000000000001,0,-3.51,0,0,0,0.0,0
5.316,-0.7000000000000001,0,-3.51,0,0,0,0.0,0
5.316,-0.7000000000000001,0,-3.51,0,0,0,0.0,0
5.317,-0.7000000000000001,0,-3.51,0,0,0,0.0,0
5.317,-0.7000000000000001,0,-3.33,0,0,0,0.0,0
5.318,-0.7000000000000001,0,-3.33,0,0,0,0.0,0
5.318,-0.7000000000000001,0,-3.33,0,0,0,0.0,0
5.319,-0.7000000000000001,0,-3.33,0,0,0,0.0,0
5.319,-0.7000000000000001,0,-3.33,0,0,0,0.0,0
5.32,-0.7000000000000001,0,-3.33,0,0,0,0.0,0
5.32,-0.7000000000000001,0,-3.33,0,0,0,0.0,0
5.321,-0.7000000000000001,0,-3.33,0,0,0,0.0,0
5.321,-0.7000000000000001,0,-3.33,0,0,0,0.0,0
5.322,-0.7000000000000001,0,-3.33,0,0,0,0.0,0
5.322,-0.7000000000000001,0,-3.33,0,0,0,0.0,0
5.324,-0.7000000000000001,0,-3.33,0,0,0,0.0,0
5.327,-0.7000000000000001,0,-3.33,0,0,0,0.0,0
5.328,-0.7000000000000001,0,-3.33,0,0,0,0.0,0
5.33,-0.7000000000000001,0,-3.33,0,0,0,0.0,0
5.331,-0.7000000000000001,0,-3.33,0,0,0,0.0,0
5.333,-0.7000000000000001,0,-3.33,0,0,0,0.0,0
5.334,-0.7000000000000001,0,-3.33,0,0,0,0.0,0
5.337,-0.7000000000000001,0,-3.33,0,0,0,0.0,0
5.34,-0.7000000000000001,0,-3.33,0,0,0,0.0,0
5.341,-0.7000000000000001,0,-3.33,0,0,0,0.0,0
5.342,-0.7000000000000001,0,-3.16,0,0,0,0.0,0
5.344,-0.7000000000000001,0,-3.16,0,0,0,0.0,0
5.346,-0.7000000000000001,0,-3.16,0,0,0,0.0,0
5.347,-0.7000000000000001,0,-3.16,0,0,0,0.0,0
5.351,-0.7000000000000001,0,-3.16,0,0,0,0.0,0
5.354,-0.7000000000000001,0,-3.16,0,0,0,0.0,0
5.356,-0.7000000000000001,0,-3.16,0,0,0,0.0,0
5.359,-0.7000000000000001,0,-2.98,0,0,0,0.0,0
5.361,-0.7000000000000001,0,-2.98,0,0,0,0.0,0
5.361,-0.7000000000000001,0,-2.98,0,0,0,0.0,0
5.362,-0.7000000000000001,0,-2.98,0,0,0,0.0,0
5.363,-0.7000000000000001,0,-2.98,0,0,0,0.0,0
5.364,-0.7000000000000001,0,-2.98,0,0,0,0.0,0
5.364,-0.7000000000000001,0,-2.98,0,0,0,0.0,0
5.364,-0.7000000000000001,0,-2.98,0,0,0,0.0,0
5.365,-0.7000000000000001,0,-2.98,0,0,0,0.0,0
5.365,-0.7000000000000001,0,-2.98,0,0,0,0.0,0
5.366,-0.7000000000000001,0,-2.81,0,0,0,0.0,0
5.366,-0.7000000000000001,0,-2.81,0,0,0,0.0,0
5.367,-0.7000000000000001,0,-2.81,0,0,0,0.0,0
5.367,-0.7000000000000001,0,-2.81,0,0,0,0.0,0
5.367,-0.7000000000000001,0,-2.81,0,0,0,0.0,0
5.368,-0.7000000000000001,0,-2.81,0,0,0,0.0,0
5.368,-0.7000000000000001,0,-2.81,0,0,0,0.0,0
5.369,-0.7000000000000001,0,-2.81,0,0,0,0.0,0
5.369,-0.7000000000000001,0,-2.81,0,0,0,0.0,0
5.37,-0.7000000000000001,0,-2.81,0,0,0,0.0,0
5.371,-0.7000000000000001,0,-2.81,0,0,0,0.0,0
5.371,-0.7000000000000001,0,-2.81,0,0,0,0.0,0
5.372,-0.7000000000000001,0,-2.81,0,0,0,0.0,0
5.372,-0.7000000000000001,0,-2.81,0,0,0,0.0,0
5.373,-0.7000000000000001,0,-2.81,0,0,0,0.0,0
5.373,-0.7000000000000001,0,-2.81,0,0,0,0.0,0
5.374,-0.7000000000000001,0,-2.81,0,0,0,0.0,0
5.374,-0.7000000000000001,0,-2.81,0,0,0,0.0,0
5.375,-0.7000000000000001,0,-2.81,0,0,0,0.0,0
5.375,-0.7000000000000001,0,-2.81,0,0,0,0.0,0
5.376,-0.7000000000000001,0,-2.81,0,0,0,0.0,0
5.376,-0.7000000000000001,0,-2.81,0,0,0,0.0,0
5.377,-0.7000000000000001,0,-2.81,0,0,0,0.0,0
5.377,-0.7000000000000001,0,-2.81,0,0,0,0.0,0
5.378,-0.7000000000000001,0,-2.63,0,0,0,0.0,0
5.378,-0.7000000000000001,0,-2.63,0,0,0,0.0,0
5.379,-0.7000000000000001,0,-2.63,0,0,0,0.0,0
5.379,-0.7000000000000001,0,-2.63,0,0,0,0.0,0
5.38,-0.7000000000000001,0,-2.63,0,0,0,0.0,0
5.381,-0.7000000000000001,0,-2.63,0,0,0,0.0,0
5.381,-0.7000000000000001,0,-2.63,0,0,0,0.0,0
5.381,-0.7000000000000001,0,-2.63,0,0,0,0.0,0
5.382,-0.7000000000000001,0,-2.63,0,0,0,0.0,0
5.382,-0.7000000000000001,0,-2.63,0,0,0,0.0,0
5.382,-0.7000000000000001,0,-2.63,0,0,0,0.0,0
5.383,-0.7000000000000001,0,-2.63,0,0,0,0.0,0
5.383,-0.7000000000000001,0,-2.63,0,0,0,0.0,0
5.384,-0.7000000000000001,0,-2.63,0,0,0,0.0,0
5.384,-0.7000000000000001,0,-2.63,0,0,0,0.0,0
5.385,-0.7000000000000001,0,-2.63,0,0,0,0.0,0
5.385,-0.7000000000000001,0,-2.63,0,0,0,0.0,0
5.386,-0.7000000000000001,0,-2.63,0,0,0,0.0,0
5.387,-0.7000000000000001,0,-2.63,0,0,0,0.0,0
5.387,-0.7000000000000001,0,-2.63,0,0,0,0.0,0
5.388,-0.7000000000000001,0,-2.63,0,0,0,0.0,0
5.388,-0.7000000000000001,0,-2.63,0,0,0,0.0,0
5.39,-0.7000000000000001,0,-2.63,0,0,0,0.0,0
5.391,-0.7000000000000001,0,-2.63,0,0,0,0.0,0
5.391,-0.7000000000000001,0,-2.63,0,0,0,0.0,0
5.392,-0.7000000000000001,0,-2.63,0,0,0,0.0,0
5.392,-0.7000000000000001,0,-2.63,0,0,0,0.0,0
5.393,-0.7000000000000001,0,-2.63,0,0,0,0.0,0
5.393,-0.7000000000000001,0,-2.63,0,0,0,0.0,0
5.394,-0.7000000000000001,0,-2.63,0,0,0,0.0,0
5.394,-0.7000000000000001,0,-2.63,0,0,0,0.0,0
5.395,-0.7000000000000001,0,-2.63,0,0,0,0.0,0
5.396,-0.7000000000000001,0,-2.63,0,0,0,0.0,0
5.397,-0.7000000000000001,0,-2.63,0,0,0,0.0,0
5.397,-0.7000000000000001,0,-2.63,0,0,0,0.0,0
5.398,-0.7000000000000001,0,-2.46,0,0,0,0.0,0
5.398,-0.7000000000000001,0,-2.46,0,0,0,0.0,0
5.399,-0.7000000000000001,0,-2.46,0,0,0,0.0,0
5.4,-0.7000000000000001,0,-2.46,0,0,0,0.0,0
5.401,-0.7000000000000001,0,-2.46,0,0,0,0.0,0
5.402,-0.7000000000000001,0,-2.46,0,0,0,0.0,0
5.402,-0.7000000000000001,0,-2.46,0,0,0,0.0,0
5.403,-0.7000000000000001,0,-2.46,0,0,0,0.0,0
5.403,-0.7000000000000001,0,-2.46,0,0,0,0.0,0
5.404,-0.7000000000000001,0,-2.46,0,0,0,0.0,0
5.404,-0.7000000000000001,0,-2.46,0,0,0,0.0,0
5.405,-0.7000000000000001,0,-2.46,0,0,0,0.0,0
5.405,-0.7000000000000001,0,-2.46,0,0,0,0.0,0
5.406,-0.7000000000000001,0,-2.46,0,0,0,0.0,0
5.406,-0.7000000000000001,0,-2.46,0,0,0,0.0,0
5.407,-0.7000000000000001,0,-2.46,0,0,0,0.0,0
5.407,-0.7000000000000001,0,-2.46,0,0,0,0.0,0
5.408,-0.7000000000000001,0,-2.46,0,0,0,0.0,0
5.408,-0.7000000000000001,0,-2.46,0,0,0,0.0,0
5.408,-0.7000000000000001,0,-2.46,0,0,0,0.0,0
5.409,-0.7000000000000001,0,-2.46,0,0,0,0.0,0
5.409,-0.7000000000000001,0,-2.46,0,0,0,0.0,0
5.41,-0.7000000000000001,0,-2.46,0,0,0,0.0,0
5.411,-0.7000000000000001,0,-2.2800000000000002,0,0,0,0.0,0
5.411,-0.7000000000000001,0,-2.2800000000000002,0,0,0,0.0,0
5.412,-0.7000000000000001,0,-2.2800000000000002,0,0,0,0.0,0
5.412,-0.7000000000000001,0,-2.2800000000000002,0,0,0,0.0,0
5.414,-0.7000000000000001,0,-2.2800000000000002,0,0,0,0.0,0
5.415,-0.7000000000000001,0,-2.2800000000000002,0,0,0,0.0,0
5.416,-0.7000000000000001,0,-2.2800000000000002,0,0,0,0.0,0
5.417,-0.7000000000000001,0,-2.2800000000000002,0,0,0,0.0,0
5.418,-0.7000000000000001,0,-2.2800000000000002,0,0,0,0.0,0
5.419,-0.7000000000000001,0,-2.2800000000000002,0,0,0,0.0,0
5.42,-0.7000000000000001,0,-2.2800000000000002,0,0,0,0.0,0
5.421,-0.7000000000000001,0,-2.2800000000000002,0,0,0,0.0,0
5.421,-0.7000000000000001,0,-2.2800000000000002,0,0,0,0.0,0
5.422,-0.7000000000000001,0,-2.2800000000000002,0,0,0,0.0,0
5.423,-0.7000000000000001,0,-2.2800000000000002,0,0,0,0.0,0
5.423,-0.7000000000000001,0,-2.1,0,0,0,0.0,0
5.423,-0.7000000000000001,0,-2.1,0,0,0,0.0,0
5.425,-0.7000000000000001,0,-2.1,0,0,0,0.0,0
5.426,-0.7000000000000001,0,-2.1,0,0,0,0.0,0
5.427,-0.7000000000000001,0,-2.1,0,0,0,0.0,0
5.428,-0.7000000000000001,0,-2.1,0,0,0,0.0,0
5.43,-0.7000000000000001,0,-2.1,0,0,0,0.0,0
5.431,-0.7000000000000001,0,-2.1,0,0,0,0.0,0
5.441,-0.7000000000000001,0,-2.1,0,0,0,0.0,0
5.447,-0.7000000000000001,0,-2.1,0,0,0,0.0,0
5.454,-0.7000000000000001,0,-1.9300000000000002,0,0,0,0.0,0
5.458,-0.7000000000000001,0,-1.9300000000000002,0,0,0,0.0,0
5.463,-0.7000000000000001,0,-1.9300000000000002,0,0,0,0.0,0
5.467,-0.7000000000000001,0,-1.9300000000000002,0,0,0,0.0,0
5.486,-0.7000000000000001,0,-1.75,0,0,0,0.0,0
5.492,-0.7000000000000001,0,-1.75,0,0,0,0.0,0
5.586,-0.7000000000000001,0,-1.75,0,0,0,0.0,0
5.595,-0.7000000000000001,0,-1.75,0,0,0,0.0,0
5.6,-0.7000000000000001,0,-1.9300000000000002,0,0,0,0.0,0
5.602,-0.7000000000000001,0,-1.9300000000000002,0,0,0,0.0,0
5.604,-0.7000000000000001,0,-1.9300000000000002,0,0,0,0.0,0
5.605,-0.7000000000000001,0,-1.9300000000000002,0,0,0,0.0,0
5.606,-0.7000000000000001,0,-1.9300000000000002,0,0,0,0.0,0
5.607,-0.7000000000000001,0,-1.9300000000000002,0,0,0,0.0,0
5.608,-0.7000000000000001,0,-1.9300000000000002,0,0,0,0.0,0
5.609,-0.7000000000000001,0,-1.9300000000000002,0,0,0,0.0,0
5.611,-0.7000000000000001,0,-1.9300000000000002,0,0,0,0.0,0
5.612,-0.7000000000000001,0,-1.9300000000000002,0,0,0,0.0,0
5.613,-0.7000000000000001,0,-1.9300000000000002,0,0,0,0.0,0
5.615,-0.7000000000000001,0,-2.1,0,0,0,0.0,0
5.616,-0.7000000000000001,0,-2.1,0,0,0,0.0,0
5.617,-0.7000000000000001,0,-2.1,0,0,0,0.0,0
5.618,-0.7000000000000001,0,-2.1,0,0,0,0.0,0
5.62,-0.7000000000000001,0,-2.1,0,0,0,0.0,0
5.622,-0.7000000000000001,0,-2.1,0,0,0,0.0,0
5.623,-0.7000000000000001,0,-2.1,0,0,0,0.0,0
5.624,-0.7000000000000001,0,-2.1,0,0,0,0.0,0
5.625,-0.7000000000000001,0,-2.1,0,0,0,0.0,0
5.626,-0.7000000000000001,0,-2.1,0,0,0,0.0,0
5.627,-0.7000000000000001,0,-2.1,0,0,0,0.0,0
5.628,-0.7000000000000001,0,-2.2800000000000002,0,0,0,0.0,0
5.629,-0.7000000000000001,0,-2.2800000000000002,0,0,0,0.0,0
5.63,-0.7000000000000001,0,-2.2800000000000002,0,0,0,0.0,0
5.631,-0.7000000000000001,0,-2.2800000000000002,0,0,0,0.0,0
5.632,-0.7000000000000001,0,-2.2800000000000002,0,0,0,0.0,0
5.634,-0.7000000000000001,0,-2.2800000000000002,0,0,0,0.0,0
5.635,-0.7000000000000001,0,-2.2800000000000002,0,0,0,0.0,0
5.636,-0.7000000000000001,0,-2.2800000000000002,0,0,0,0.0,0
5.637,-0.7000000000000001,0,-2.2800000000000002,0,0,0,0.0,0
5.638,-0.7000000000000001,0,-2.2800000000000002,0,0,0,0.0,0
5.639,-0.7000000000000001,0,-2.2800000000000002,0,0,0,0.0,0
5.64,-0.7000000000000001,0,-2.2800000000000002,0,0,0,0.0,0
5.641,-0.7000000000000001,0,-2.2800000000000002,0,0,0,0.0,0
5.642,-0.7000000000000001,0,-2.46,0,0,0,0.0,0
5.643,-0.7000000000000001,0,-2.46,0,0,0,0.0,0
5.644,-0.7000000000000001,0,-2.46,0,0,0,0.0,0
5.645,-0.7000000000000001,0,-2.46,0,0,0,0.0,0
5.647,-0.7000000000000001,0,-2.46,0,0,0,0.0,0
5.647,-0.7000000000000001,0,-2.46,0,0,0,0.0,0
5.648,-0.7000000000000001,0,-2.46,0,0,0,0.0,0
5.658,-0.7000000000000001,0,-2.46,0,0,0,0.0,0
5.665,-0.7000000000000001,0,-2.46,0,0,0,0.0,0
5.676,-0.7000000000000001,0,-2.63,0,0,0,0.0,0
5.681,-0.7000000000000001,0,-2.63,0,0,0,0.0,0
5.684,-0.7000000000000001,0,-2.81,0,0,0,0.0,0
5.688,-0.7000000000000001,0,-2.81,0,0,0,0.0,0
5.693,-0.7000000000000001,0,-2.98,0,0,0,0.0,0
5.697,-0.7000000000000001,0,-2.98,0,0,0,0.0,0
5.702,-0.7000000000000001,0,-2.98,0,0,0,0.0,0
5.712,-0.7000000000000001,0,-2.98,0,0,0,0.0,0
5.719,-0.7000000000000001,0,-3.16,0,0,0,0.0,0
5.725,-0.7000000000000001,0,-3.16,0,0,0,0.0,0
5.73,-0.7000000000000001,0,-3.33,0,0,0,0.0,0
5.735,-0.7000000000000001,0,-3.33,0,0,0,0.0,0
5.736,-0.7000000000000001,0,-3.33,0,0,0,0.0,0
5.736,-0.7000000000000001,0,-3.33,0,0,0,0.0,0
5.737,-0.7000000000000001,0,-3.33,0,0,0,0.0,0
5.738,-0.7000000000000001,0,-3.33,0,0,0,0.0,0
5.739,-0.7000000000000001,0,-3.33,0,0,0,0.0,0
5.74,-0.7000000000000001,0,-3.33,0,0,0,0.0,0
5.741,-0.7000000000000001,0,-3.33,0,0,0,0.0,0
5.742,-0.7000000000000001,0,-3.33,0,0,0,0.0,0
5.742,-0.7000000000000001,0,-3.33,0,0,0,0.0,0
5.743,-0.7000000000000001,0,-3.33,0,0,0,0.0,0
5.744,-0.7000000000000001,0,-3.51,0,0,0,0.0,0
5.745,-0.7000000000000001,0,-3.51,0,0,0,0.0,0
5.746,-0.7000000000000001,0,-3.51,0,0,0,0.0,0
5.746,-0.7000000000000001,0,-3.51,0,0,0,0.0,0
5.747,-0.7000000000000001,0,-3.51,0,0,0,0.0,0
5.748,-0.7000000000000001,0,-3.51,0,0,0,0.0,0
5.749,-0.7000000000000001,0,-3.51,0,0,0,0.0,0
5.75,-0.7000000000000001,0,-3.51,0,0,0,0.0,0
5.751,-0.7000000000000001,0,-3.51,0,0,0,0.0,0
5.752,-0.7000000000000001,0,-3.51,0,0,0,0.0,0
5.752,-0.7000000000000001,0,-3.51,0,0,0,0.0,0
5.753,-0.7000000000000001,0,-3.51,0,0,0,0.0,0
5.754,-0.7000000000000001,0,-3.51,0,0,0,0.0,0
5.755,-0.7000000000000001,0,-3.51,0,0,0,0.0,0
5.756,-0.7000000000000001,0,-3.51,0,0,0,0.0,0
5.756,-0.7000000000000001,0,-3.51,0,0,0,0.0,0
5.757,-0.7000000000000001,0,-3.51,0,0,0,0.0,0
5.758,-0.7000000000000001,0,-3.51,0,0,0,0.0,0
5.766,-0.7000000000000001,0,-3.51,0,0,0,0.0,0
5.772,-0.7000000000000001,0,-3.51,0,0,0,0.0,0
5.776,-0.7000000000000001,0,-3.69,0,0,0,0.0,0
5.783,-0.7000000000000001,0,-3.69,0,0,0,0.0,0
5.8,-0.7000000000000001,0,-3.69,0,0,0,0.0,0
5.807,-0.7000000000000001,0,-3.69,0,0,0,0.0,0
5.809,-0.7000000000000001,0,-3.69,0,0,0,0.0,0
5.811,-0.7000000000000001,0,-3.69,0,0,0,0.0,0
5.811,-0.7000000000000001,0,-3.69,0,0,0,0.0,0
5.812,-0.7000000000000001,0,-3.69,0,0,0,0.0,0
5.813,-0.7000000000000001,0,-3.69,0,0,0,0.0,0
5.814,-0.7000000000000001,0,-3.69,0,0,0,0.0,0
5.816,-0.7000000000000001,0,-3.69,0,0,0,0.0,0
5.817,-0.7000000000000001,0,-3.69,0,0,0,0.0,0
5.818,-0.7000000000000001,0,-3.69,0,0,0,0.0,0
5.819,-0.7000000000000001,0,-3.69,0,0,0,0.0,0
5.821,-0.7000000000000001,0,-3.69,0,0,0,0.0,0
5.822,-0.7000000000000001,0,-3.69,0,0,0,0.0,0
5.823,-0.7000000000000001,0,-3.69,0,0,0,0.0,0
5.824,-0.7000000000000001,0,-3.69,0,0,0,0.0,0
5.825,-0.7000000000000001,0,-3.69,0,0,0,0.0,0
5.826,-0.7000000000000001,0,-3.69,0,0,0,0.0,0
5.827,-0.7000000000000001,0,-3.69,0,0,0,0.0,0
5.828,-0.7000000000000001,0,-3.69,0,0,0,0.0,0
5.829,-0.7000000000000001,0,-3.69,0,0,0,0.0,0
5.83,-0.7000000000000001,0,-3.69,0,0,0,0.0,0
5.831,-0.7000000000000001,0,-3.69,0,0,0,0.0,0
5.832,-0.7000000000000001,0,-3.69,0,0,0,0.0,0
5.833,-0.7000000000000001,0,-3.69,0,0,0,0.0,0
5.835,-0.7000000000000001,0,-3.69,0,0,0,0.0,0
5.836,-0.7000000000000001,0,-3.69,0,0,0,0.0,0
5.837,-0.7000000000000001,0,-3.69,0,0,0,0.0,0
5.838,-0.7000000000000001,0,-3.69,0,0,0,0.0,0
5.839,-0.7000000000000001,0,-3.69,0,0,0,0.0,0
5.84,-0.7000000000000001,0,-3.69,0,0,0,0.0,0
5.841,-0.7000000000000001,0,-3.69,0,0,0,0.0,0
5.842,-0.7000000000000001,0,-3.69,0,0,0,0.0,0
5.843,-0.7000000000000001,0,-3.69,0,0,0,0.0,0
5.844,-0.7000000000000001,0,-3.69,0,0,0,0.0,0
5.844,-0.7000000000000001,0,-3.69,0,0,0,0.0,0
5.845,-0.7000000000000001,0,-3.69,0,0,0,0.0,0
5.846,-0.7000000000000001,0,-3.69,0,0,0,0.0,0
5.847,-0.7000000000000001,0,-3.69,0,0,0,0.0,0
5.848,-0.7000000000000001,0,-3.69,0,0,0,0.0,0
5.849,-0.7000000000000001,0,-3.69,0,0,0,0.0,0
5.849,-0.7000000000000001,0,-3.69,0,0,0,0.0,0
5.85,-0.7000000000000001,0,-3.69,0,0,0,0.0,0
5.851,-0.7000000000000001,0,-3.69,0,0,0,0.0,0
5.852,-0.7000000000000001,0,-3.69,0,0,0,0.0,0
5.854,-0.7000000000000001,0,-3.69,0,0,0,0.0,0
5.855,-0.7000000000000001,0,-3.69,0,0,0,0.0,0
5.856,-0.7000000000000001,0,-3.69,0,0,0,0.0,0
5.857,-0.7000000000000001,0,-3.51,0,0,0,0.0,0
5.858,-0.7000000000000001,0,-3.51,0,0,0,0.0,0
5.859,-0.7000000000000001,0,-3.51,0,0,0,0.0,0
5.86,-0.7000000000000001,0,-3.51,0,0,0,0.0,0
5.861,-0.7000000000000001,0,-3.51,0,0,0,0.0,0
5.862,-0.7000000000000001,0,-3.51,0,0,0,0.0,0
5.863,-0.7000000000000001,0,-3.51,0,0,0,0.0,0
5.864,-0.7000000000000001,0,-3.51,0,0,0,0.0,0
5.865,-0.7000000000000001,0,-3.51,0,0,0,0.0,0
5.866,-0.7000000000000001,0,-3.51,0,0,0,0.0,0
5.867,-0.7000000000000001,0,-3.51,0,0,0,0.0,0
5.876,-0.7000000000000001,0,-3.51,0,0,0,0.0,0
5.881,-0.7000000000000001,0,-3.51,0,0,0,0.0,0
5.889,-0.7000000000000001,0,-3.33,0,0,0,0.0,0
5.893,-0.7000000000000001,0,-3.33,0,0,0,0.0,0
5.898,-0.7000000000000001,0,-3.33,0,0,0,0.0,0
5.905,-0.7000000000000001,0,-3.33,0,0,0,0.0,0
5.916,-0.7000000000000001,0,-3.33,0,0,0,0.0,0
5.925,-0.7000000000000001,0,-3.16,0,0,0,0.0,0
5.931,-0.7000000000000001,0,-2.98,0,0,0,0.0,0
5.934,-0.7000000000000001,0,-2.98,0,0,0,0.0,0
5.934,-0.7000000000000001,0,-2.98,0,0,0,0.0,0
5.935,-0.7000000000000001,0,-2.81,0,0,0,0.0,0
5.936,-0.7000000000000001,0,-2.81,0,0,0,0.0,0
5.936,-0.7000000000000001,0,-2.81,0,0,0,0.0,0
5.937,-0.7000000000000001,0,-2.81,0,0,0,0.0,0
5.938,-0.7000000000000001,0,-2.81,0,0,0,0.0,0
5.939,-0.7000000000000001,0,-2.81,0,0,0,0.0,0
5.94,-0.7000000000000001,0,-2.81,0,0,0,0.0,0
5.941,-0.7000000000000001,0,-2.81,0,0,0,0.0,0
5.942,-0.7000000000000001,0,-2.81,0,0,0,0.0,0
5.943,-0.7000000000000001,0,-2.81,0,0,0,0.0,0
5.944,-0.7000000000000001,0,-2.81,0,0,0,0.0,0
5.947,-0.7000000000000001,0,-2.81,0,0,0,0.0,0
5.948,-0.7000000000000001,0,-2.63,0,0,0,0.0,0
5.95,-0.7000000000000001,0,-2.63,0,0,0,0.0,0
5.951,-0.7000000000000001,0,-2.63,0,0,0,0.0,0
5.952,-0.7000000000000001,0,-2.63,0,0,0,0.0,0
5.953,-0.7000000000000001,0,-2.63,0,0,0,0.0,0
5.954,-0.7000000000000001,0,-2.63,0,0,0,0.0,0
5.955,-0.7000000000000001,0,-2.63,0,0,0,0.0,0
5.956,-0.7000000000000001,0,-2.63,0,0,0,0.0,0
5.957,-0.7000000000000001,0,-2.63,0,0,0,0.0,0
5.958,-0.7000000000000001,0,-2.63,0,0,0,0.0,0
5.959,-0.7000000000000001,0,-2.63,0,0,0,0.0,0
5.96,-0.7000000000000001,0,-2.63,0,0,0,0.0,0
5.962,-0.7000000000000001,0,-2.63,0,0,0,0.0,0
5.963,-0.7000000000000001,0,-2.63,0,0,0,0.0,0
5.963,-0.7000000000000001,0,-2.63,0,0,0,0.0,0
5.965,-0.7000000000000001,0,-2.63,0,0,0,0.0,0
5.966,-0.7000000000000001,0,-2.63,0,0,0,0.0,0
5.967,-0.7000000000000001,0,-2.63,0,0,0,0.0,0
5.968,-0.7000000000000001,0,-2.63,0,0,0,0.0,0
5.969,-0.7000000000000001,0,-2.46,0,0,0,0.0,0
5.97,-0.7000000000000001,0,-2.46,0,0,0,0.0,0
5.971,-0.7000000000000001,0,-2.46,0,0,0,0.0,0
5.972,-0.7000000000000001,0,-2.46,0,0,0,0.0,0
5.973,-0.7000000000000001,0,-2.46,0,0,0,0.0,0
5.974,-0.7000000000000001,0,-2.46,0,0,0,0.0,0
5.975,-0.7000000000000001,0,-2.46,0,0,0,0.0,0
5.987,-0.7000000000000001,0,-2.46,0,0,0,0.0,0
5.996,-0.7000000000000001,0,-2.46,0,0,0,0.0,0
6.0,-0.7000000000000001,0,-2.2800000000000002,0,0,0,0.0,0
6.011,-0.7000000000000001,0,-2.1,0,0,0,0.0,0
6.017,-0.7000000000000001,0,-2.1,0,0,0,0.0,0
6.026,-0.7000000000000001,0,-1.9300000000000002,0,0,0,0.0,0
6.035,-0.7000000000000001,0,-1.9300000000000002,0,0,0,0.0,0
6.042,-0.7000000000000001,0,-1.9300000000000002,0,0,0,0.0,0
6.044,-0.7000000000000001,0,-1.9300000000000002,0,0,0,0.0,0
6.045,-0.7000000000000001,0,-1.9300000000000002,0,0,0,0.0,0
6.047,-0.7000000000000001,0,-1.75,0,0,0,0.0,0
6.048,-0.7000000000000001,0,-1.75,0,0,0,0.0,0
6.049,-0.7000000000000001,0,-1.75,0,0,0,0.0,0
6.05,-0.7000000000000001,0,-1.75,0,0,0,0.0,0
6.051,-0.7000000000000001,0,-1.75,0,0,0,0.0,0
6.052,-0.7000000000000001,0,-1.75,0,0,0,0.0,0
6.052,-0.7000000000000001,0,-1.75,0,0,0,0.0,0
6.054,-0.7000000000000001,0,-1.75,0,0,0,0.0,0
6.056,-0.7000000000000001,0,-1.75,0,0,0,0.0,0
6.057,-0.7000000000000001,0,-1.75,0,0,0,0.0,0
6.058,-0.7000000000000001,0,-1.75,0,0,0,0.0,0
6.059,-0.7000000000000001,0,-1.75,0,0,0,0.0,0
6.061,-0.7000000000000001,0,-1.75,0,0,0,0.0,0
6.062,-0.7000000000000001,0,-1.75,0,0,0,0.0,0
6.064,-0.7000000000000001,0,-1.75,0,0,0,0.0,0
6.065,-0.7000000000000001,0,-1.75,0,0,0,0.0,0
6.066,-0.7000000000000001,0,-1.75,0,0,0,0.0,0
6.067,-0.7000000000000001,0,-1.75,0,0,0,0.0,0
6.069,-0.7000000000000001,0,-1.75,0,0,0,0.0,0
6.071,-0.7000000000000001,0,-1.75,0,0,0,0.0,0
6.073,-0.7000000000000001,0,-1.75,0,0,0,0.0,0
6.075,-0.7000000000000001,0,-1.75,0,0,0,0.0,0
6.077,-0.7000000000000001,0,-1.75,0,0,0,0.0,0
6.078,-0.7000000000000001,0,-1.75,0,0,0,0.0,0
6.08,-0.7000000000000001,0,-1.75,0,0,0,0.0,0
6.082,-0.7000000000000001,0,-1.75,0,0,0,0.0,0
6.083,-0.7000000000000001,0,-1.75,0,0,0,0.0,0
6.089,-0.7000000000000001,0,-1.75,0,0,0,0.0,0
6.101,-0.7000000000000001,0,-1.75,0,0,0,0.0,0
6.125,-0.7000000000000001,0,-1.75,0,0,0,0.0,0
6.133,-0.7000000000000001,0,-1.75,0,0,0,0.0,0
6.138,-0.7000000000000001,0,-1.75,0,0,0,0.0,0
6.153,-0.7000000000000001,0,-1.75,0,0,0,0.0,0
6.16,-0.7000000000000001,0,-1.9300000000000002,0,0,0,0.0,0
6.164,-0.7000000000000001,0,-1.9300000000000002,0,0,0,0.0,0
6.165,-0.7000000000000001,0,-1.9300000000000002,0,0,0,0.0,0
6.165,-0.7000000000000001,0,-1.9300000000000002,0,0,0,0.0,0
6.167,-0.7000000000000001,0,-1.9300000000000002,0,0,0,0.0,0
6.167,-0.7000000000000001,0,-1.9300000000000002,0,0,0,0.0,0
6.168,-0.7000000000000001,0,-1.9300000000000002,0,0,0,0.0,0
6.169,-0.7000000000000001,0,-1.9300000000000002,0,0,0,0.0,0
6.17,-0.7000000000000001,0,-1.9300000000000002,0,0,0,0.0,0
6.171,-0.7000000000000001,0,-1.9300000000000002,0,0,0,0.0,0
6.171,-0.7000000000000001,0,-1.9300000000000002,0,0,0,0.0,0
6.172,-0.7000000000000001,0,-1.9300000000000002,0,0,0,0.0,0
6.173,-0.7000000000000001,0,-1.9300000000000002,0,0,0,0.0,0
6.174,-0.7000000000000001,0,-1.9300000000000002,0,0,0,0.0,0
6.174,-0.7000000000000001,0,-1.9300000000000002,0,0,0,0.0,0
6.175,-0.7000000000000001,0,-1.9300000000000002,0,0,0,0.0,0
6.176,-0.7000000000000001,0,-2.1,0,0,0,0.0,0
6.176,-0.7000000000000001,0,-2.1,0,0,0,0.0,0
6.177,-0.7000000000000001,0,-2.1,0,0,0,0.0,0
6.177,-0.7000000000000001,0,-2.1,0,0,0,0.0,0
6.178,-0.7000000000000001,0,-2.1,0,0,0,0.0,0
6.179,-0.7000000000000001,0,-2.1,0,0,0,0.0,0
6.179,-0.7000000000000001,0,-2.1,0,0,0,0.0,0
6.18,-0.7000000000000001,0,-2.1,0,0,0,0.0,0
6.181,-0.7000000000000001,0,-2.1,0,0,0,0.0,0
6.183,-0.7000000000000001,0,-2.1,0,0,0,0.0,0
6.183,-0.7000000000000001,0,-2.1,0,0,0,0.0,0
6.184,-0.7000000000000001,0,-2.1,0,0,0,0.0,0
6.184,-0.7000000000000001,0,-2.1,0,0,0,0.0,0
6.185,-0.7000000000000001,0,-2.1,0,0,0,0.0,0
6.185,-0.7000000000000001,0,-2.1,0,0,0,0.0,0
6.186,-0.7000000000000001,0,-2.1,0,0,0,0.0,0
6.187,-0.7000000000000001,0,-2.1,0,0,0,0.0,0
6.188,-0.7000000000000001,0,-2.1,0,0,0,0.0,0
6.188,-0.7000000000000001,0,-2.1,0,0,0,0.0,0
6.19,-0.7000000000000001,0,-2.1,0,0,0,0.0,0
6.191,-0.7000000000000001,0,-2.1,0,0,0,0.0,0
6.198,-0.7000000000000001,0,-2.1,0,0,0,0.0,0
6.205,-0.7000000000000001,0,-2.1,0,0,0,0.0,0
6.208,-0.7000000000000001,0,-2.2800000000000002,0,0,0,0.0,0
6.21,-0.7000000000000001,0,-2.46,0,0,0,0.0,0
6.211,-0.7000000000000001,0,-2.46,0,0,0,0.0,0
6.216,-0.7000000000000001,0,-2.46,0,0,0,0.0,0
6.223,-0.7000000000000001,0,-2.46,0,0,0,0.0,0
6.229,-0.7000000000000001,0,-2.46,0,0,0,0.0,0
6.234,-0.7000000000000001,0,-2.63,0,0,0,0.0,0
6.235,-0.7000000000000001,0,-2.63,0,0,0,0.0,0
6.235,-0.7000000000000001,0,-2.63,0,0,0,0.0,0
6.236,-0.7000000000000001,0,-2.63,0,0,0,0.0,0
6.237,-0.7000000000000001,0,-2.63,0,0,0,0.0,0
6.238,-0.7000000000000001,0,-2.63,0,0,0,0.0,0
6.239,-0.7000000000000001,0,-2.63,0,0,0,0.0,0
6.24,-0.7000000000000001,0,-2.63,0,0,0,0.0,0
6.241,-0.7000000000000001,0,-2.63,0,0,0,0.0,0
6.242,-0.7000000000000001,0,-2.63,0,0,0,0.0,0
6.243,-0.7000000000000001,0,-2.63,0,0,0,0.0,0
6.244,-0.7000000000000001,0,-2.63,0,0,0,0.0,0
6.245,-0.7000000000000001,0,-2.63,0,0,0,0.0,0
6.246,-0.7000000000000001,0,-2.81,0,0,0,0.0,0
6.248,-0.7000000000000001,0,-2.81,0,0,0,0.0,0
6.249,-0.7000000000000001,0,-2.81,0,0,0,0.0,0
6.25,-0.7000000000000001,0,-2.81,0,0,0,0.0,0
6.251,-0.7000000000000001,0,-2.81,0,0,0,0.0,0
6.252,-0.7000000000000001,0,-2.81,0,0,0,0.0,0
6.253,-0.7000000000000001,0,-2.81,0,0,0,0.0,0
6.254,-0.7000000000000001,0,-2.81,0,0,0,0.0,0
6.255,-0.7000000000000001,0,-2.81,0,0,0,0.0,0
6.256,-0.7000000000000001,0,-2.81,0,0,0,0.0,0
6.258,-0.7000000000000001,0,-2.81,0,0,0,0.0,0
6.259,-0.7000000000000001,0,-2.81,0,0,0,0.0,0
6.26,-0.7000000000000001,0,-2.81,0,0,0,0.0,0
6.261,-0.7000000000000001,0,-2.98,0,0,0,0.0,0
6.262,-0.7000000000000001,0,-2.98,0,0,0,0.0,0
6.263,-0.7000000000000001,0,-2.98,0,0,0,0.0,0
6.264,-0.7000000000000001,0,-2.98,0,0,0,0.0,0
6.265,-0.7000000000000001,0,-2.98,0,0,0,0.0,0
6.266,-0.7000000000000001,0,-2.98,0,0,0,0.0,0
6.267,-0.7000000000000001,0,-2.98,0,0,0,0.0,0
6.268,-0.7000000000000001,0,-2.98,0,0,0,0.0,0
6.27,-0.7000000000000001,0,-2.98,0,0,0,0.0,0
6.271,-0.7000000000000001,0,-2.98,0,0,0,0.0,0
6.273,-0.7000000000000001,0,-2.98,0,0,0,0.0,0
6.274,-0.7000000000000001,0,-2.98,0,0,0,0.0,0
6.275,-0.7000000000000001,0,-2.98,0,0,0,0.0,0
6.276,-0.7000000000000001,0,-3.16,0,0,0,0.0,0
6.277,-0.7000000000000001,0,-3.16,0,0,0,0.0,0
6.278,-0.7000000000000001,0,-3.16,0,0,0,0.0,0
6.279,-0.7000000000000001,0,-3.16,0,0,0,0.0,0
6.28,-0.7000000000000001,0,-3.16,0,0,0,0.0,0
6.281,-0.7000000000000001,0,-3.16,0,0,0,0.0,0
6.282,-0.7000000000000001,0,-3.16,0,0,0,0.0,0
6.283,-0.7000000000000001,0,-3.16,0,0,0,0.0,0
6.284,-0.7000000000000001,0,-3.16,0,0,0,0.0,0
6.284,-0.7000000000000001,0,-3.16,0,0,0,0.0,0
6.286,-0.7000000000000001,0,-3.16,0,0,0,0.0,0
6.287,-0.7000000000000001,0,-3.16,0,0,0,0.0,0
6.288,-0.7000000000000001,0,-3.16,0,0,0,0.0,0
6.288,-0.7000000000000001,0,-3.16,0,0,0,0.0,0
6.289,-0.7000000000000001,0,-3.16,0,0,0,0.0,0
6.29,-0.7000000000000001,0,-3.16,0,0,0,0.0,0
6.291,-0.7000000000000001,0,-3.16,0,0,0,0.0,0
6.292,-0.7000000000000001,0,-3.33,0,0,0,0.0,0
6.292,-0.7000000000000001,0,-3.33,0,0,0,0.0,0
6.293,-0.7000000000000001,0,-3.33,0,0,0,0.0,0
6.294,-0.7000000000000001,0,-3.33,0,0,0,0.0,0
6.295,-0.7000000000000001,0,-3.33,0,0,0,0.0,0
6.296,-0.7000000000000001,0,-3.33,0,0,0,0.0,0
6.296,-0.7000000000000001,0,-3.33,0,0,0,0.0,0
6.297,-0.7000000000000001,0,-3.33,0,0,0,0.0,0
6.298,-0.7000000000000001,0,-3.33,0,0,0,0.0,0
6.299,-0.7000000000000001,0,-3.33,0,0,0,0.0,0
6.3,-0.7000000000000001,0,-3.33,0,0,0,0.0,0
6.317,-0.7000000000000001,0,-3.33,0,0,0,0.0,0
6.324,-0.7000000000000001,0,-3.33,0,0,0,0.0,0
6.334,-0.7000000000000001,0,-3.33,0,0,0,0.0,0
6.34,-0.7000000000000001,0,-3.51,0,0,0,0.0,0
6.346,-0.7000000000000001,0,-3.51,0,0,0,0.0,0
6.354,-0.7000000000000001,0,-3.51,0,0,0,0.0,0
6.357,-0.7000000000000001,0,-3.51,0,0,0,0.0,0
6.36,-0.7000000000000001,0,-3.69,0,0,0,0.0,0
6.361,-0.7000000000000001,0,-3.69,0,0,0,0.0,0
6.361,-0.7000000000000001,0,-3.69,0,0,0,0.0,0
6.362,-0.7000000000000001,0,-3.69,0,0,0,0.0,0
6.362,-0.7000000000000001,0,-3.69,0,0,0,0.0,0
6.363,-0.7000000000000001,0,-3.69,0,0,0,0.0,0
6.364,-0.7000000000000001,0,-3.69,0,0,0,0.0,0
6.365,-0.7000000000000001,0,-3.69,0,0,0,0.0,0
6.365,-0.7000000000000001,0,-3.69,0,0,0,0.0,0
6.366,-0.7000000000000001,0,-3.69,0,0,0,0.0,0
6.367,-0.7000000000000001,0,-3.69,0,0,0,0.0,0
6.368,-0.7000000000000001,0,-3.69,0,0,0,0.0,0
6.368,-0.7000000000000001,0,-3.69,0,0,0,0.0,0
6.369,-0.7000000000000001,0,-3.69,0,0,0,0.0,0
6.37,-0.7000000000000001,0,-3.69,0,0,0,0.0,0
6.37,-0.7000000000000001,0,-3.69,0,0,0,0.0,0
6.372,-0.7000000000000001,0,-3.69,0,0,0,0.0,0
6.372,-0.7000000000000001,0,-3.69,0,0,0,0.0,0
6.372,-0.7000000000000001,0,-3.69,0,0,0,0.0,0
6.373,-0.7000000000000001,0,-3.69,0,0,0,0.0,0
6.374,-0.7000000000000001,0,-3.69,0,0,0,0.0,0
6.374,-0.7000000000000001,0,-3.69,0,0,0,0.0,0
6.375,-0.7000000000000001,0,-3.69,0,0,0,0.0,0
6.376,-0.7000000000000001,0,-3.69,0,0,0,0.0,0
6.376,-0.7000000000000001,0,-3.69,0,0,0,0.0,0
6.377,-0.7000000000000001,0,-3.69,0,0,0,0.0,0
6.378,-0.7000000000000001,0,-3.69,0,0,0,0.0,0
6.379,-0.7000000000000001,0,-3.69,0,0,0,0.0,0
6.379,-0.7000000000000001,0,-3.69,0,0,0,0.0,0
6.38,-0.7000000000000001,0,-3.69,0,0,0,0.0,0
6.381,-0.7000000000000001,0,-3.69,0,0,0,0.0,0
6.381,-0.7000000000000001,0,-3.69,0,0,0,0.0,0
6.383,-0.7000000000000001,0,-3.69,0,0,0,0.0,0
6.383,-0.7000000000000001,0,-3.69,0,0,0,0.0,0
6.383,-0.7000000000000001,0,-3.69,0,0,0,0.0,0
6.384,-0.7000000000000001,0,-3.69,0,0,0,0.0,0
6.385,-0.7000000000000001,0,-3.69,0,0,0,0.0,0
6.385,-0.7000000000000001,0,-3.69,0,0,0,0.0,0
6.387,-0.7000000000000001,0,-3.69,0,0,0,0.0,0
6.387,-0.7000000000000001,0,-3.69,0,0,0,0.0,0
6.388,-0.7000000000000001,0,-3.69,0,0,0,0.0,0
6.389,-0.7000000000000001,0,-3.69,0,0,0,0.0,0
6.39,-0.7000000000000001,0,-3.69,0,0,0,0.0,0
6.39,-0.7000000000000001,0,-3.69,0,0,0,0.0,0
6.392,-0.7000000000000001,0,-3.69,0,0,0,0.0,0
6.392,-0.7000000000000001,0,-3.69,0,0,0,0.0,0
6.394,-0.7000000000000001,0,-3.69,0,0,0,0.0,0
6.395,-0.7000000000000001,0,-3.69,0,0,0,0.0,0
6.395,-0.7000000000000001,0,-3.69,0,0,0,0.0,0
6.396,-0.7000000000000001,0,-3.69,0,0,0,0.0,0
6.397,-0.7000000000000001,0,-3.69,0,0,0,0.0,0
6.397,-0.7000000000000001,0,-3.69,0,0,0,0.0,0
6.398,-0.7000000000000001,0,-3.69,0,0,0,0.0,0
6.399,-0.7000000000000001,0,-3.69,0,0,0,0.0,0
6.4,-0.7000000000000001,0,-3.69,0,0,0,0.0,0
6.401,-0.7000000000000001,0,-3.69,0,0,0,0.0,0
6.401,-0.7000000000000001,0,-3.69,0,0,0,0.0,0
6.401,-0.7000000000000001,0,-3.69,0,0,0,0.0,0
6.402,-0.7000000000000001,0,-3.69,0,0,0,0.0,0
6.403,-0.7000000000000001,0,-3.69,0,0,0,0.0,0
6.403,-0.7000000000000001,0,-3.69,0,0,0,0.0,0
6.404,-0.7000000000000001,0,-3.69,0,0,0,0.0,0
6.405,-0.7000000000000001,0,-3.51,0,0,0,0.0,0
6.406,-0.7000000000000001,0,-3.51,0,0,0,0.0,0
6.407,-0.7000000000000001,0,-3.51,0,0,0,0.0,0
6.414,-0.7000000000000001,0,-3.51,0,0,0,0.0,0
6.421,-0.7000000000000001,0,-3.51,0,0,0,0.0,0
6.429,-0.7000000000000001,0,-3.51,0,0,0,0.0,0
6.434,-0.7000000000000001,0,-3.51,0,0,0,0.0,0
6.442,-0.7000000000000001,0,-3.51,0,0,0,0.0,0
6.454,-0.7000000000000001,0,-3.33,0,0,0,0.0,0
6.463,-0.7000000000000001,0,-3.33,0,0,0,0.0,0
6.467,-0.7000000000000001,0,-3.33,0,0,0,0.0,0
6.468,-0.7000000000000001,0,-3.33,0,0,0,0.0,0
6.468,-0.7000000000000001,0,-3.16,0,0,0,0.0,0
6.469,-0.7000000000000001,0,-3.16,0,0,0,0.0,0
6.471,-0.7000000000000001,0,-3.16,0,0,0,0.0,0
6.472,-0.7000000000000001,0,-3.16,0,0,0,0.0,0
6.473,-0.7000000000000001,0,-3.16,0,0,0,0.0,0
6.474,-0.7000000000000001,0,-3.16,0,0,0,0.0,0
6.474,-0.7000000000000001,0,-3.16,0,0,0,0.0,0
6.476,-0.7000000000000001,0,-3.16,0,0,0,0.0,0
6.476,-0.7000000000000001,0,-3.16,0,0,0,0.0,0
6.477,-0.7000000000000001,0,-3.16,0,0,0,0.0,0
6.477,-0.7000000000000001,0,-3.16,0,0,0,0.0,0
6.479,-0.7000000000000001,0,-3.16,0,0,0,0.0,0
6.48,-0.7000000000000001,0,-3.16,0,0,0,0.0,0
6.481,-0.7000000000000001,0,-3.16,0,0,0,0.0,0
6.481,-0.7000000000000001,0,-3.16,0,0,0,0.0,0
6.482,-0.7000000000000001,0,-3.16,0,0,0,0.0,0
6.483,-0.7000000000000001,0,-3.16,0,0,0,0.0,0
6.484,-0.7000000000000001,0,-3.16,0,0,0,0.0,0
6.485,-0.7000000000000001,0,-3.16,0,0,0,0.0,0
6.485,-0.7000000000000001,0,-2.98,0,0,0,0.0,0
6.486,-0.7000000000000001,0,-2.98,0,0,0,0.0,0
6.487,-0.7000000000000001,0,-2.98,0,0,0,0.0,0
6.487,-0.7000000000000001,0,-2.98,0,0,0,0.0,0
6.488,-0.7000000000000001,0,-2.98,0,0,0,0.0,0
6.489,-0.7000000000000001,0,-2.98,0,0,0,0.0,0
6.49,-0.7000000000000001,0,-2.98,0,0,0,0.0,0
6.49,-0.7000000000000001,0,-2.98,0,0,0,0.0,0
6.491,-0.7000000000000001,0,-2.98,0,0,0,0.0,0
6.492,-0.7000000000000001,0,-2.98,0,0,0,0.0,0
6.493,-0.7000000000000001,0,-2.98,0,0,0,0.0,0
6.494,-0.7000000000000001,0,-2.98,0,0,0,0.0,0
6.495,-0.7000000000000001,0,-2.98,0,0,0,0.0,0
6.496,-0.7000000000000001,0,-2.98,0,0,0,0.0,0
6.496,-0.7000000000000001,0,-2.98,0,0,0,0.0,0
6.497,-0.7000000000000001,0,-2.98,0,0,0,0.0,0
6.498,-0.7000000000000001,0,-2.98,0,0,0,0.0,0
6.499,-0.7000000000000001,0,-2.98,0,0,0,0.0,0
6.5,-0.7000000000000001,0,-2.81,0,0,0,0.0,0
6.501,-0.7000000000000001,0,-2.81,0,0,0,0.0,0
6.502,-0.7000000000000001,0,-2.81,0,0,0,0.0,0
6.503,-0.7000000000000001,0,-2.81,0,0,0,0.0,0
6.504,-0.7000000000000001,0,-2.81,0,0,0,0.0,0
6.505,-0.7000000000000001,0,-2.81,0,0,0,0.0,0
6.506,-0.7000000000000001,0,-2.81,0,0,0,0.0,0
6.506,-0.7000000000000001,0,-2.81,0,0,0,0.0,0
6.507,-0.7000000000000001,0,-2.81,0,0,0,0.0,0
6.509,-0.7000000000000001,0,-2.81,0,0,0,0.0,0
6.511,-0.7000000000000001,0,-2.81,0,0,0,0.0,0
6.512,-0.7000000000000001,0,-2.81,0,0,0,0.0,0
6.513,-0.7000000000000001,0,-2.81,0,0,0,0.0,0
6.514,-0.7000000000000001,0,-2.81,0,0,0,0.0,0
6.515,-0.7000000000000001,0,-2.81,0,0,0,0.0,0
6.523,-0.7000000000000001,0,-2.81,0,0,0,0.0,0
6.528,-0.7000000000000001,0,-2.63,0,0,0,0.0,0
6.534,-0.7000000000000001,0,-2.63,0,0,0,0.0,0
6.546,-0.7000000000000001,0,-2.63,0,0,0,0.0,0
6.557,-0.7000000000000001,0,-2.63,0,0,0,0.0,0
6.564,-0.7000000000000001,0,-2.46,0,0,0,0.0,0
6.578,-0.7000000000000001,0,-2.2800000000000002,0,0,0,0.0,0
6.588,-0.7000000000000001,0,-2.1,0,0,0,0.0,0
6.59,-0.7000000000000001,0,-2.1,0,0,0,0.0,0
6.59,-0.7000000000000001,0,-2.1,0,0,0,0.0,0
6.591,-0.7000000000000001,0,-2.1,0,0,0,0.0,0
6.592,-0.7000000000000001,0,-1.9300000000000002,0,0,0,0.0,0
6.592,-0.7000000000000001,0,-1.9300000000000002,0,0,0,0.0,0
6.593,-0.7000000000000001,0,-1.9300000000000002,0,0,0,0.0,0
6.594,-0.7000000000000001,0,-1.9300000000000002,0,0,0,0.0,0
6.595,-0.7000000000000001,0,-1.9300000000000002,0,0,0,0.0,0
6.595,-0.7000000000000001,0,-1.9300000000000002,0,0,0,0.0,0
6.596,-0.7000000000000001,0,-1.9300000000000002,0,0,0,0.0,0
6.597,-0.7000000000000001,0,-1.9300000000000002,0,0,0,0.0,0
6.598,-0.7000000000000001,0,-1.9300000000000002,0,0,0,0.0,0
6.599,-0.7000000000000001,0,-1.9300000000000002,0,0,0,0.0,0
6.6,-0.7000000000000001,0,-1.9300000000000002,0,0,0,0.0,0
6.601,-0.7000000000000001,0,-1.9300000000000002,0,0,0,0.0,0
6.602,-0.7000000000000001,0,-1.9300000000000002,0,0,0,0.0,0
6.602,-0.7000000000000001,0,-1.9300000000000002,0,0,0,0.0,0
6.603,-0.7000000000000001,0,-1.9300000000000002,0,0,0,0.0,0
6.604,-0.7000000000000001,0,-1.9300000000000002,0,0,0,0.0,0
6.606,-0.7000000000000001,0,-1.9300000000000002,0,0,0,0.0,0
6.606,-0.7000000000000001,0,-1.9300000000000002,0,0,0,0.0,0
6.607,-0.7000000000000001,0,-1.9300000000000002,0,0,0,0.0,0
6.608,-0.7000000000000001,0,-1.9300000000000002,0,0,0,0.0,0
6.608,-0.7000000000000001,0,-1.9300000000000002,0,0,0,0.0,0
6.609,-0.7000000000000001,0,-1.9300000000000002,0,0,0,0.0,0
6.61,-0.7000000000000001,0,-1.9300000000000002,0,0,0,0.0,0
6.611,-0.7000000000000001,0,-1.9300000000000002,0,0,0,0.0,0
6.611,-0.7000000000000001,0,-1.9300000000000002,0,0,0,0.0,0
6.612,-0.7000000000000001,0,-1.9300000000000002,0,0,0,0.0,0
6.612,-0.7000000000000001,0,-1.9300000000000002,0,0,0,0.0,0
6.613,-0.7000000000000001,0,-1.9300000000000002,0,0,0,0.0,0
6.613,-0.7000000000000001,0,-1.9300000000000002,0,0,0,0.0,0
6.614,-0.7000000000000001,0,-1.9300000000000002,0,0,0,0.0,0
6.615,-0.7000000000000001,0,-1.9300000000000002,0,0,0,0.0,0
6.615,-0.7000000000000001,0,-1.9300000000000002,0,0,0,0.0,0
6.616,-0.7000000000000001,0,-1.9300000000000002,0,0,0,0.0,0
6.616,-0.7000000000000001,0,-1.9300000000000002,0,0,0,0.0,0
6.618,-0.7000000000000001,0,-1.9300000000000002,0,0,0,0.0,0
6.619,-0.7000000000000001,0,-1.9300000000000002,0,0,0,0.0,0
6.62,-0.7000000000000001,0,-1.9300000000000002,0,0,0,0.0,0
6.62,-0.7000000000000001,0,-1.9300000000000002,0,0,0,0.0,0
6.621,-0.7000000000000001,0,-1.9300000000000002,0,0,0,0.0,0
6.622,-0.7000000000000001,0,-1.9300000000000002,0,0,0,0.0,0
6.627,-0.7000000000000001,0,-1.9300000000000002,0,0,0,0.0,0
6.634,-0.7000000000000001,0,-1.9300000000000002,0,0,0,0.0,0
6.645,-0.7000000000000001,0,-1.9300000000000002,0,0,0,0.0,0
6.655,-0.7000000000000001,0,-1.75,0,0,0,0.0,0
6.662,-0.7000000000000001,0,-1.75,0,0,0,0.0,0
6.664,-0.7000000000000001,0,-1.75,0,0,0,0.0,0
6.674,-0.7000000000000001,0,-1.75,0,0,0,0.0,0
6.682,-0.7000000000000001,0,-1.75,0,0,0,0.0,0
6.686,-0.7000000000000001,0,-1.75,0,0,0,0.0,0
6.689,-0.7000000000000001,0,-1.75,0,0,0,0.0,0
6.69,-0.7000000000000001,0,-1.75,0,0,0,0.0,0
6.691,-0.7000000000000001,0,-1.75,0,0,0,0.0,0
6.692,-0.7000000000000001,0,-1.75,0,0,0,0.0,0
6.694,-0.7000000000000001,0,-1.75,0,0,0,0.0,0
6.695,-0.7000000000000001,0,-1.75,0,0,0,0.0,0
6.696,-0.7000000000000001,0,-1.75,0,0,0,0.0,0
6.697,-0.7000000000000001,0,-1.75,0,0,0,0.0,0
6.698,-0.7000000000000001,0,-1.75,0,0,0,0.0,0
6.698,-0.7000000000000001,0,-1.9300000000000002,0,0,0,0.0,0
6.699,-0.7000000000000001,0,-1.9300000000000002,0,0,0,0.0,0
6.7,-0.7000000000000001,0,-1.9300000000000002,0,0,0,0.0,0
6.701,-0.7000000000000001,0,-1.9300000000000002,0,0,0,0.0,0
6.702,-0.7000000000000001,0,-1.9300000000000002,0,0,0,0.0,0
6.703,-0.7000000000000001,0,-1.9300000000000002,0,0,0,0.0,0
6.704,-0.7000000000000001,0,-1.9300000000000002,0,0,0,0.0,0
6.705,-0.7000000000000001,0,-1.9300000000000002,0,0,0,0.0,0
6.706,-0.7000000000000001,0,-1.9300000000000002,0,0,0,0.0,0
6.707,-0.7000000000000001,0,-1.9300000000000002,0,0,0,0.0,0
6.708,-0.7000000000000001,0,-1.9300000000000002,0,0,0,0.0,0
6.708,-0.7000000000000001,0,-1.9300000000000002,0,0,0,0.0,0
6.709,-0.7000000000000001,0,-1.9300000000000002,0,0,0,0.0,0
6.71,-0.7000000000000001,0,-1.9300000000000002,0,0,0,0.0,0
6.711,-0.7000000000000001,0,-1.9300000000000002,0,0,0,0.0,0
6.712,-0.7000000000000001,0,-1.9300000000000002,0,0,0,0.0,0
6.712,-0.7000000000000001,0,-1.9300000000000002,0,0,0,0.0,0
6.713,-0.7000000000000001,0,-1.9300000000000002,0,0,0,0.0,0
6.714,-0.7000000000000001,0,-1.9300000000000002,0,0,0,0.0,0
6.715,-0.7000000000000001,0,-1.9300000000000002,0,0,0,0.0,0
6.715,-0.7000000000000001,0,-1.9300000000000002,0,0,0,0.0,0
6.716,-0.7000000000000001,0,-1.9300000000000002,0,0,0,0.0,0
6.717,-0.7000000000000001,0,-1.9300000000000002,0,0,0,0.0,0
6.717,-0.7000000000000001,0,-1.9300000000000002,0,0,0,0.0,0
6.718,-0.7000000000000001,0,-1.9300000000000002,0,0,0,0.0,0
6.719,-0.7000000000000001,0,-1.9300000000000002,0,0,0,0.0,0
6.72,-0.7000000000000001,0,-1.9300000000000002,0,0,0,0.0,0
6.72,-0.7000000000000001,0,-1.9300000000000002,0,0,0,0.0,0
6.721,-0.7000000000000001,0,-1.9300000000000002,0,0,0,0.0,0
6.722,-0.7000000000000001,0,-1.9300000000000002,0,0,0,0.0,0
6.723,-0.7000000000000001,0,-1.9300000000000002,0,0,0,0.0,0
6.723,-0.7000000000000001,0,-1.9300000000000002,0,0,0,0.0,0
6.724,-0.7000000000000001,0,-1.9300000000000002,0,0,0,0.0,0
6.724,-0.7000000000000001,0,-1.9300000000000002,0,0,0,0.0,0
6.726,-0.7000000000000001,0,-1.9300000000000002,0,0,0,0.0,0
6.726,-0.7000000000000001,0,-1.9300000000000002,0,0,0,0.0,0
6.727,-0.7000000000000001,0,-1.9300000000000002,0,0,0,0.0,0
6.727,-0.7000000000000001,0,-1.9300000000000002,0,0,0,0.0,0
6.728,-0.7000000000000001,0,-1.9300000000000002,0,0,0,0.0,0
6.729,-0.7000000000000001,0,-1.9300000000000002,0,0,0,0.0,0
6.729,-0.7000000000000001,0,-1.9300000000000002,0,0,0,0.0,0
6.73,-0.7000000000000001,0,-1.9300000000000002,0,0,0,0.0,0
6.731,-0.7000000000000001,0,-1.9300000000000002,0,0,0,0.0,0
6.731,-0.7000000000000001,0,-1.9300000000000002,0,0,0,0.0,0
6.738,-0.7000000000000001,0,-1.9300000000000002,0,0,0,0.0,0
6.74,-0.7000000000000001,0,-1.9300000000000002,0,0,0,0.0,0
6.741,-0.7000000000000001,0,-2.1,0,0,0,0.0,0
6.743,-0.7000000000000001,0,-2.1,0,0,0,0.0,0
6.745,-0.7000000000000001,0,-2.1,0,0,0,0.0,0
6.749,-0.7000000000000001,0,-2.1,0,0,0,0.0,0
6.752,-0.7000000000000001,0,-2.1,0,0,0,0.0,0
6.754,-0.7000000000000001,0,-2.1,0,0,0,0.0,0
6.756,-0.7000000000000001,0,-2.1,0,0,0,0.0,0
6.759,-0.7000000000000001,0,-2.1,0,0,0,0.0,0
6.761,-0.7000000000000001,0,-2.2800000000000002,0,0,0,0.0,0
6.764,-0.7000000000000001,0,-2.2800000000000002,0,0,0,0.0,0
6.768,-0.7000000000000001,0,-2.2800000000000002,0,0,0,0.0,0
6.772,-0.7000000000000001,0,-2.2800000000000002,0,0,0,0.0,0
6.776,-0.7000000000000001,0,-2.2800000000000002,0,0,0,0.0,0
6.777,-0.7000000000000001,0,-2.46,0,0,0,0.0,0
6.777,-0.7000000000000001,0,-2.46,0,0,0,0.0,0
6.778,-0.7000000000000001,0,-2.46,0,0,0,0.0,0
6.778,-0.7000000000000001,0,-2.46,0,0,0,0.0,0
6.779,-0.7000000000000001,0,-2.46,0,0,0,0.0,0
6.78,-0.7000000000000001,0,-2.46,0,0,0,0.0,0
6.78,-0.7000000000000001,0,-2.46,0,0,0,0.0,0
6.781,-0.7000000000000001,0,-2.46,0,0,0,0.0,0
6.782,-0.7000000000000001,0,-2.46,0,0,0,0.0,0
6.782,-0.7000000000000001,0,-2.46,0,0,0,0.0,0
6.783,-0.7000000000000001,0,-2.46,0,0,0,0.0,0
6.783,-0.7000000000000001,0,-2.46,0,0,0,0.0,0
6.784,-0.7000000000000001,0,-2.46,0,0,0,0.0,0
6.785,-0.7000000000000001,0,-2.46,0,0,0,0.0,0
6.785,-0.7000000000000001,0,-2.46,0,0,0,0.0,0
6.786,-0.7000000000000001,0,-2.46,0,0,0,0.0,0
6.786,-0.7000000000000001,0,-2.46,0,0,0,0.0,0
6.787,-0.7000000000000001,0,-2.46,0,0,0,0.0,0
6.788,-0.7000000000000001,0,-2.46,0,0,0,0.0,0
6.788,-0.7000000000000001,0,-2.46,0,0,0,0.0,0
6.789,-0.7000000000000001,0,-2.46,0,0,0,0.0,0
6.789,-0.7000000000000001,0,-2.46,0,0,0,0.0,0
6.79,-0.7000000000000001,0,-2.46,0,0,0,0.0,0
6.791,-0.7000000000000001,0,-2.63,0,0,0,0.0,0
6.791,-0.7000000000000001,0,-2.63,0,0,0,0.0,0
6.792,-0.7000000000000001,0,-2.63,0,0,0,0.0,0
6.792,-0.7000000000000001,0,-2.63,0,0,0,0.0,0
6.793,-0.7000000000000001,0,-2.63,0,0,0,0.0,0
6.793,-0.7000000000000001,0,-2.63,0,0,0,0.0,0
6.794,-0.7000000000000001,0,-2.63,0,0,0,0.0,0
6.795,-0.7000000000000001,0,-2.63,0,0,0,0.0,0
6.795,-0.7000000000000001,0,-2.63,0,0,0,0.0,0
6.796,-0.7000000000000001,0,-2.63,0,0,0,0.0,0
6.797,-0.7000000000000001,0,-2.63,0,0,0,0.0,0
6.797,-0.7000000000000001,0,-2.63,0,0,0,0.0,0
6.798,-0.7000000000000001,0,-2.63,0,0,0,0.0,0
6.798,-0.7000000000000001,0,-2.63,0,0,0,0.0,0
6.799,-0.7000000000000001,0,-2.63,0,0,0,0.0,0
6.799,-0.7000000000000001,0,-2.63,0,0,0,0.0,0
6.8,-0.7000000000000001,0,-2.63,0,0,0,0.0,0
6.801,-0.7000000000000001,0,-2.63,0,0,0,0.0,0
6.801,-0.7000000000000001,0,-2.63,0,0,0,0.0,0
6.802,-0.7000000000000001,0,-2.63,0,0,0,0.0,0
6.802,-0.7000000000000001,0,-2.63,0,0,0,0.0,0
6.803,-0.7000000000000001,0,-2.63,0,0,0,0.0,0
6.804,-0.7000000000000001,0,-2.63,0,0,0,0.0,0
6.804,-0.7000000000000001,0,-2.63,0,0,0,0.0,0
6.805,-0.7000000000000001,0,-2.63,0,0,0,0.0,0
6.805,-0.7000000000000001,0,-2.63,0,0,0,0.0,0
6.806,-0.7000000000000001,0,-2.63,0,0,0,0.0,0
6.806,-0.7000000000000001,0,-2.63,0,0,0,0.0,0
6.807,-0.7000000000000001,0,-2.63,0,0,0,0.0,0
6.808,-0.7000000000000001,0,-2.63,0,0,0,0.0,0
6.808,-0.7000000000000001,0,-2.63,0,0,0,0.0,0
6.809,-0.7000000000000001,0,-2.63,0,0,0,0.0,0
6.809,-0.7000000000000001,0,-2.63,0,0,0,0.0,0
6.81,-0.7000000000000001,0,-2.63,0,0,0,0.0,0
6.811,-0.7000000000000001,0,-2.63,0,0,0,0.0,0
6.812,-0.7000000000000001,0,-2.63,0,0,0,0.0,0
6.812,-0.7000000000000001,0,-2.63,0,0,0,0.0,0
6.813,-0.7000000000000001,0,-2.63,0,0,0,0.0,0
6.813,-0.7000000000000001,0,-2.81,0,0,0,0.0,0
6.814,-0.7000000000000001,0,-2.81,0,0,0,0.0,0
6.814,-0.7000000000000001,0,-2.81,0,0,0,0.0,0
6.815,-0.7000000000000001,0,-2.81,0,0,0,0.0,0
6.815,-0.7000000000000001,0,-2.81,0,0,0,0.0,0
6.816,-0.7000000000000001,0,-2.81,0,0,0,0.0,0
6.817,-0.7000000000000001,0,-2.81,0,0,0,0.0,0
6.818,-0.7000000000000001,0,-2.81,0,0,0,0.0,0
6.818,-0.7000000000000001,0,-2.81,0,0,0,0.0,0
6.819,-0.7000000000000001,0,-2.81,0,0,0,0.0,0
6.819,-0.7000000000000001,0,-2.81,0,0,0,0.0,0
6.819,-0.7000000000000001,0,-2.81,0,0,0,0.0,0
6.82,-0.7000000000000001,0,-2.81,0,0,0,0.0,0
6.82,-0.7000000000000001,0,-2.81,0,0,0,0.0,0
6.821,-0.7000000000000001,0,-2.81,0,0,0,0.0,0
6.821,-0.7000000000000001,0,-2.81,0,0,0,0.0,0
6.822,-0.7000000000000001,0,-2.81,0,0,0,0.0,0
6.823,-0.7000000000000001,0,-2.81,0,0,0,0.0,0
6.823,-0.7000000000000001,0,-2.81,0,0,0,0.0,0
6.824,-0.7000000000000001,0,-2.81,0,0,0,0.0,0
6.824,-0.7000000000000001,0,-2.81,0,0,0,0.0,0
6.825,-0.7000000000000001,0,-2.81,0,0,0,0.0,0
6.825,-0.7000000000000001,0,-2.81,0,0,0,0.0,0
6.825,-0.7000000000000001,0,-2.81,0,0,0,0.0,0
6.826,-0.7000000000000001,0,-2.81,0,0,0,0.0,0
6.826,-0.7000000000000001,0,-2.81,0,0,0,0.0,0
6.827,-0.7000000000000001,0,-2.81,0,0,0,0.0,0
6.827,-0.7000000000000001,0,-2.81,0,0,0,0.0,0
6.828,-0.7000000000000001,0,-2.81,0,0,0,0.0,0
6.828,-0.7000000000000001,0,-2.81,0,0,0,0.0,0
6.829,-0.7000000000000001,0,-2.81,0,0,0,0.0,0
6.83,-0.7000000000000001,0,-2.98,0,0,0,0.0,0
6.83,-0.7000000000000001,0,-2.98,0,0,0,0.0,0
6.831,-0.7000000000000001,0,-2.98,0,0,0,0.0,0
6.831,-0.7000000000000001,0,-2.98,0,0,0,0.0,0
6.832,-0.7000000000000001,0,-2.98,0,0,0,0.0,0
6.832,-0.7000000000000001,0,-2.98,0,0,0,0.0,0
6.833,-0.7000000000000001,0,-2.98,0,0,0,0.0,0
6.833,-0.7000000000000001,0,-2.98,0,0,0,0.0,0
6.834,-0.7000000000000001,0,-2.98,0,0,0,0.0,0
6.834,-0.7000000000000001,0,-2.98,0,0,0,0.0,0
6.835,-0.7000000000000001,0,-2.98,0,0,0,0.0,0
6.835,-0.7000000000000001,0,-2.98,0,0,0,0.0,0
6.836,-0.7000000000000001,0,-2.98,0,0,0,0.0,0
6.836,-0.7000000000000001,0,-2.98,0,0,0,0.0,0
6.837,-0.7000000000000001,0,-2.98,0,0,0,0.0,0
6.838,-0.7000000000000001,0,-2.98,0,0,0,0.0,0
6.839,-0.7000000000000001,0,-2.98,0,0,0,0.0,0
6.839,-0.7000000000000001,0,-2.98,0,0,0,0.0,0
6.84,-0.7000000000000001,0,-2.98,0,0,0,0.0,0
6.84,-0.7000000000000001,0,-2.98,0,0,0,0.0,0
6.842,-0.7000000000000001,0,-2.98,0,0,0,0.0,0
6.846,-0.7000000000000001,0,-2.98,0,0,0,0.0,0
6.848,-0.7000000000000001,0,-3.16,0,0,0,0.0,0
6.85,-0.7000000000000001,0,-3.16,0,0,0,0.0,0
6.852,-0.7000000000000001,0,-3.16,0,0,0,0.0,0
6.855,-0.7000000000000001,0,-3.16,0,0,0,0.0,0
6.859,-0.7000000000000001,0,-3.16,0,0,0,0.0,0
6.881,-0.7000000000000001,0,-3.16,0,0,0,0.0,0
6.887,-0.7000000000000001,0,-3.33,0,0,0,0.0,0
6.891,-0.7000000000000001,0,-3.33,0,0,0,0.0,0
6.897,-0.7000000000000001,0,-3.33,0,0,0,0.0,0
6.899,-0.7000000000000001,0,-3.33,0,0,0,0.0,0
6.9,-0.7000000000000001,0,-3.33,0,0,0,0.0,0
6.901,-0.7000000000000001,0,-3.33,0,0,0,0.0,0
6.902,-0.7000000000000001,0,-3.33,0,0,0,0.0,0
6.903,-0.7000000000000001,0,-3.33,0,0,0,0.0,0
6.904,-0.7000000000000001,0,-3.33,0,0,0,0.0,0
6.905,-0.7000000000000001,0,-3.33,0,0,0,0.0,0
6.906,-0.7000000000000001,0,-3.33,0,0,0,0.0,0
6.907,-0.7000000000000001,0,-3.33,0,0,0,0.0,0
6.908,-0.7000000000000001,0,-3.33,0,0,0,0.0,0
6.909,-0.7000000000000001,0,-3.51,0,0,0,0.0,0
6.91,-0.7000000000000001,0,-3.51,0,0,0,0.0,0
6.911,-0.7000000000000001,0,-3.51,0,0,0,0.0,0
6.912,-0.7000000000000001,0,-3.51,0,0,0,0.0,0
6.913,-0.7000000000000001,0,-3.51,0,0,0,0.0,0
6.914,-0.7000000000000001,0,-3.51,0,0,0,0.0,0
6.915,-0.7000000000000001,0,-3.51,0,0,0,0.0,0
6.916,-0.7000000000000001,0,-3.51,0,0,0,0.0,0
6.917,-0.7000000000000001,0,-3.51,0,0,0,0.0,0
6.918,-0.7000000000000001,0,-3.51,0,0,0,0.0,0
6.919,-0.7000000000000001,0,-3.51,0,0,0,0.0,0
6.92,-0.7000000000000001,0,-3.51,0,0,0,0.0,0
6.921,-0.7000000000000001,0,-3.51,0,0,0,0.0,0
6.923,-0.7000000000000001,0,-3.51,0,0,0,0.0,0
6.924,-0.7000000000000001,0,-3.51,0,0,0,0.0,0
6.925,-0.7000000000000001,0,-3.51,0,0,0,0.0,0
6.925,-0.7000000000000001,0,-3.51,0,0,0,0.0,0
6.926,-0.7000000000000001,0,-3.51,0,0,0,0.0,0
6.928,-0.7000000000000001,0,-3.51,0,0,0,0.0,0
6.929,-0.7000000000000001,0,-3.51,0,0,0,0.0,0
6.93,-0.7000000000000001,0,-3.51,0,0,0,0.0,0
6.931,-0.7000000000000001,0,-3.51,0,0,0,0.0,0
6.932,-0.7000000000000001,0,-3.51,0,0,0,0.0,0
6.933,-0.7000000000000001,0,-3.51,0,0,0,0.0,0
6.934,-0.7000000000000001,0,-3.51,0,0,0,0.0,0
6.935,-0.7000000000000001,0,-3.51,0,0,0,0.0,0
6.936,-0.7000000000000001,0,-3.51,0,0,0,0.0,0
6.937,-0.7000000000000001,0,-3.51,0,0,0,0.0,0
6.938,-0.7000000000000001,0,-3.51,0,0,0,0.0,0
6.939,-0.7000000000000001,0,-3.51,0,0,0,0.0,0
6.939,-0.7000000000000001,0,-3.51,0,0,0,0.0,0
6.94,-0.7000000000000001,0,-3.51,0,0,0,0.0,0
6.941,-0.7000000000000001,0,-3.51,0,0,0,0.0,0
6.942,-0.7000000000000001,0,-3.51,0,0,0,0.0,0
6.943,-0.7000000000000001,0,-3.51,0,0,0,0.0,0
6.944,-0.7000000000000001,0,-3.51,0,0,0,0.0,0
6.945,-0.7000000000000001,0,-3.51,0,0,0,0.0,0
6.945,-0.7000000000000001,0,-3.51,0,0,0,0.0,0
6.945,-0.7000000000000001,0,-3.51,0,0,0,0.0,0
6.947,-0.7000000000000001,0,-3.51,0,0,0,0.0,0
6.947,-0.7000000000000001,0,-3.51,0,0,0,0.0,0
6.948,-0.7000000000000001,0,-3.51,0,0,0,0.0,0
6.948,-0.7000000000000001,0,-3.51,0,0,0,0.0,0
6.949,-0.7000000000000001,0,-3.51,0,0,0,0.0,0
6.95,-0.7000000000000001,0,-3.51,0,0,0,0.0,0
6.951,-0.7000000000000001,0,-3.51,0,0,0,0.0,0
6.952,-0.7000000000000001,0,-3.51,0,0,0,0.0,0
6.953,-0.7000000000000001,0,-3.51,0,0,0,0.0,0
6.954,-0.7000000000000001,0,-3.51,0,0,0,0.0,0
6.955,-0.7000000000000001,0,-3.51,0,0,0,0.0,0
6.956,-0.7000000000000001,0,-3.51,0,0,0,0.0,0
6.957,-0.7000000000000001,0,-3.51,0,0,0,0.0,0
6.958,-0.7000000000000001,0,-3.51,0,0,0,0.0,0
6.959,-0.7000000000000001,0,-3.51,0,0,0,0.0,0
6.96,-0.7000000000000001,0,-3.51,0,0,0,0.0,0
6.961,-0.7000000000000001,0,-3.51,0,0,0,0.0,0
6.962,-0.7000000000000001,0,-3.51,0,0,0,0.0,0
6.963,-0.7000000000000001,0,-3.51,0,0,0,0.0,0
6.963,-0.7000000000000001,0,-3.51,0,0,0,0.0,0
6.964,-0.7000000000000001,0,-3.51,0,0,0,0.0,0
6.965,-0.7000000000000001,0,-3.51,0,0,0,0.0,0
6.977,-0.7000000000000001,0,-3.51,0,0,0,0.0,0
6.979,-0.7000000000000001,0,-3.51,0,0,0,0.0,0
6.98,-0.7000000000000001,0,-3.51,0,0,0,0.0,0
6.983,-0.7000000000000001,0,-3.51,0,0,0,0.0,0
6.985,-0.7000000000000001,0,-3.51,0,0,0,0.0,0
6.987,-0.7000000000000001,0,-3.51,0,0,0,0.0,0
6.989,-0.7000000000000001,0,-3.51,0,0,0,0.0,0
6.99,-0.7000000000000001,0,-3.33,0,0,0,0.0,0
6.992,-0.7000000000000001,0,-3.33,0,0,0,0.0,0
6.993,-0.7000000000000001,0,-3.33,0,0,0,0.0,0
6.999,-0.7000000000000001,0,-3.33,0,0,0,0.0,0
7.003,-0.7000000000000001,0,-3.33,0,0,0,0.0,0
7.004,-0.7000000000000001,0,-3.33,0,0,0,0.0,0
7.007,-0.7000000000000001,0,-3.33,0,0,0,0.0,0
7.008,-0.7000000000000001,0,-3.33,0,0,0,0.0,0
7.008,-0.7000000000000001,0,-3.33,0,0,0,0.0,0
7.009,-0.7000000000000001,0,-3.33,0,0,0,0.0,0
7.01,-0.7000000000000001,0,-3.33,0,0,0,0.0,0
7.01,-0.7000000000000001,0,-3.33,0,0,0,0.0,0
7.011,-0.7000000000000001,0,-3.33,0,0,0,0.0,0
7.011,-0.7000000000000001,0,-3.33,0,0,0,0.0,0
7.012,-0.7000000000000001,0,-3.33,0,0,0,0.0,0
7.013,-0.7000000000000001,0,-3.33,0,0,0,0.0,0
7.014,-0.7000000000000001,0,-3.33,0,0,0,0.0,0
7.014,-0.7000000000000001,0,-3.33,0,0,0,0.0,0
7.015,-0.7000000000000001,0,-3.33,0,0,0,0.0,0
7.016,-0.7000000000000001,0,-3.33,0,0,0,0.0,0
7.016,-0.7000000000000001,0,-3.33,0,0,0,0.0,0
7.017,-0.7000000000000001,0,-3.33,0,0,0,0.0,0
7.017,-0.7000000000000001,0,-3.33,0,0,0,0.0,0
7.018,-0.7000000000000001,0,-3.33,0,0,0,0.0,0
7.018,-0.7000000000000001,0,-3.33,0,0,0,0.0,0
7.019,-0.7000000000000001,0,-3.33,0,0,0,0.0,0
7.019,-0.7000000000000001,0,-3.33,0,0,0,0.0,0
7.02,-0.7000000000000001,0,-3.33,0,0,0,0.0,0
7.02,-0.7000000000000001,0,-3.33,0,0,0,0.0,0
7.021,-0.7000000000000001,0,-3.33,0,0,0,0.0,0
7.021,-0.7000000000000001,0,-3.33,0,0,0,0.0,0
7.022,-0.7000000000000001,0,-3.33,0,0,0,0.0,0
7.023,-0.7000000000000001,0,-3.33,0,0,0,0.0,0
7.023,-0.7000000000000001,0,-3.33,0,0,0,0.0,0
7.024,-0.7000000000000001,0,-3.33,0,0,0,0.0,0
7.024,-0.7000000000000001,0,-3.33,0,0,0,0.0,0
7.024,-0.7000000000000001,0,-3.33,0,0,0,0.0,0
7.025,-0.7000000000000001,0,-3.33,0,0,0,0.0,0
7.025,-0.7000000000000001,0,-3.33,0,0,0,0.0,0
7.026,-0.7000000000000001,0,-3.33,0,0,0,0.0,0
7.027,-0.7000000000000001,0,-3.33,0,0,0,0.0,0
7.027,-0.7000000000000001,0,-3.33,0,0,0,0.0,0
7.028,-0.7000000000000001,0,-3.33,0,0,0,0.0,0
7.029,-0.7000000000000001,0,-3.33,0,0,0,0.0,0
7.029,-0.7000000000000001,0,-3.33,0,0,0,0.0,0
7.03,-0.7000000000000001,0,-3.16,0,0,0,0.0,0
7.031,-0.7000000000000001,0,-3.16,0,0,0,0.0,0
7.031,-0.7000000000000001,0,-3.16,0,0,0,0.0,0
7.032,-0.7000000000000001,0,-3.16,0,0,0,0.0,0
7.033,-0.7000000000000001,0,-3.16,0,0,0,0.0,0
7.033,-0.7000000000000001,0,-3.16,0,0,0,0.0,0
7.034,-0.7000000000000001,0,-3.16,0,0,0,0.0,0
7.035,-0.7000000000000001,0,-3.16,0,0,0,0.0,0
7.036,-0.7000000000000001,0,-3.16,0,0,0,0.0,0
7.037,-0.7000000000000001,0,-3.16,0,0,0,0.0,0
7.038,-0.7000000000000001,0,-3.16,0,0,0,0.0,0
7.039,-0.7000000000000001,0,-3.16,0,0,0,0.0,0
7.04,-0.7000000000000001,0,-3.16,0,0,0,0.0,0
7.041,-0.7000000000000001,0,-3.16,0,0,0,0.0,0
7.042,-0.7000000000000001,0,-3.16,0,0,0,0.0,0
7.043,-0.7000000000000001,0,-3.16,0,0,0,0.0,0
7.044,-0.7000000000000001,0,-3.16,0,0,0,0.0,0
7.045,-0.7000000000000001,0,-3.16,0,0,0,0.0,0
7.046,-0.7000000000000001,0,-3.16,0,0,0,0.0,0
7.046,-0.7000000000000001,0,-3.16,0,0,0,0.0,0
7.046,-0.7000000000000001,0,-3.16,0,0,0,0.0,0
7.048,-0.7000000000000001,0,-3.16,0,0,0,0.0,0
7.049,-0.7000000000000001,0,-3.16,0,0,0,0.0,0
7.05,-0.7000000000000001,0,-3.16,0,0,0,0.0,0
7.05,-0.7000000000000001,0,-2.98,0,0,0,0.0,0
7.051,-0.7000000000000001,0,-2.98,0,0,0,0.0,0
7.052,-0.7000000000000001,0,-2.98,0,0,0,0.0,0
7.053,-0.7000000000000001,0,-2.98,0,0,0,0.0,0
7.053,-0.7000000000000001,0,-2.98,0,0,0,0.0,0
7.054,-0.7000000000000001,0,-2.98,0,0,0,0.0,0
7.054,-0.7000000000000001,0,-2.98,0,0,0,0.0,0
7.055,-0.7000000000000001,0,-2.98,0,0,0,0.0,0
7.056,-0.7000000000000001,0,-2.98,0,0,0,0.0,0
7.056,-0.7000000000000001,0,-2.98,0,0,0,0.0,0
7.057,-0.7000000000000001,0,-2.98,0,0,0,0.0,0
7.058,-0.7000000000000001,0,-2.98,0,0,0,0.0,0
7.058,-0.7000000000000001,0,-2.98,0,0,0,0.0,0
7.059,-0.7000000000000001,0,-2.98,0,0,0,0.0,0
7.06,-0.7000000000000001,0,-2.98,0,0,0,0.0,0
7.06,-0.7000000000000001,0,-2.98,0,0,0,0.0,0
7.061,-0.7000000000000001,0,-2.98,0,0,0,0.0,0
7.061,-0.7000000000000001,0,-2.98,0,0,0,0.0,0
7.062,-0.7000000000000001,0,-2.98,0,0,0,0.0,0
7.062,-0.7000000000000001,0,-2.98,0,0,0,0.0,0
7.063,-0.7000000000000001,0,-2.98,0,0,0,0.0,0
7.064,-0.7000000000000001,0,-2.98,0,0,0,0.0,0
7.064,-0.7000000000000001,0,-2.98,0,0,0,0.0,0
7.065,-0.7000000000000001,0,-2.98,0,0,0,0.0,0
7.065,-0.7000000000000001,0,-2.98,0,0,0,0.0,0
7.066,-0.7000000000000001,0,-2.98,0,0,0,0.0,0
7.067,-0.7000000000000001,0,-2.81,0,0,0,0.0,0
7.067,-0.7000000000000001,0,-2.81,0,0,0,0.0,0
7.067,-0.7000000000000001,0,-2.81,0,0,0,0.0,0
7.068,-0.7000000000000001,0,-2.81,0,0,0,0.0,0
7.069,-0.7000000000000001,0,-2.81,0,0,0,0.0,0
7.069,-0.7000000000000001,0,-2.81,0,0,0,0.0,0
7.07,-0.7000000000000001,0,-2.81,0,0,0,0.0,0
7.07,-0.7000000000000001,0,-2.81,0,0,0,0.0,0
7.071,-0.7000000000000001,0,-2.81,0,0,0,0.0,0
7.071,-0.7000000000000001,0,-2.81,0,0,0,0.0,0
7.072,-0.7000000000000001,0,-2.81,0,0,0,0.0,0
7.073,-0.7000000000000001,0,-2.81,0,0,0,0.0,0
7.073,-0.7000000000000001,0,-2.81,0,0,0,0.0,0
7.074,-0.7000000000000001,0,-2.81,0,0,0,0.0,0
7.074,-0.7000000000000001,0,-2.81,0,0,0,0.0,0
7.075,-0.7000000000000001,0,-2.81,0,0,0,0.0,0
7.076,-0.7000000000000001,0,-2.81,0,0,0,0.0,0
7.076,-0.7000000000000001,0,-2.81,0,0,0,0.0,0
7.077,-0.7000000000000001,0,-2.81,0,0,0,0.0,0
7.078,-0.7000000000000001,0,-2.81,0,0,0,0.0,0
7.078,-0.7000000000000001,0,-2.81,0,0,0,0.0,0
7.079,-0.7000000000000001,0,-2.81,0,0,0,0.0,0
7.079,-0.7000000000000001,0,-2.81,0,0,0,0.0,0
7.08,-0.7000000000000001,0,-2.81,0,0,0,0.0,0
7.08,-0.7000000000000001,0,-2.81,0,0,0,0.0,0
7.081,-0.7000000000000001,0,-2.81,0,0,0,0.0,0
7.081,-0.7000000000000001,0,-2.81,0,0,0,0.0,0
7.082,-0.7000000000000001,0,-2.63,0,0,0,0.0,0
7.082,-0.7000000000000001,0,-2.63,0,0,0,0.0,0
7.084,-0.7000000000000001,0,-2.63,0,0,0,0.0,0
7.084,-0.7000000000000001,0,-2.63,0,0,0,0.0,0
7.084,-0.7000000000000001,0,-2.63,0,0,0,0.0,0
7.085,-0.7000000000000001,0,-2.63,0,0,0,0.0,0
7.085,-0.7000000000000001,0,-2.63,0,0,0,0.0,0
7.086,-0.7000000000000001,0,-2.63,0,0,0,0.0,0
7.086,-0.7000000000000001,0,-2.63,0,0,0,0.0,0
7.087,-0.7000000000000001,0,-2.63,0,0,0,0.0,0
7.087,-0.7000000000000001,0,-2.63,0,0,0,0.0,0
7.088,-0.7000000000000001,0,-2.63,0,0,0,0.0,0
7.088,-0.7000000000000001,0,-2.63,0,0,0,0.0,0
7.089,-0.7000000000000001,0,-2.63,0,0,0,0.0,0
7.094,-0.7000000000000001,0,-2.63,0,0,0,0.0,0
7.096,-0.7000000000000001,0,-2.63,0,0,0,0.0,0
7.099,-0.7000000000000001,0,-2.63,0,0,0,0.0,0
7.101,-0.7000000000000001,0,-2.63,0,0,0,0.0,0
7.104,-0.7000000000000001,0,-2.63,0,0,0,0.0,0
7.106,-0.7000000000000001,0,-2.63,0,0,0,0.0,0
7.107,-0.7000000000000001,0,-2.63,0,0,0,0.0,0
7.109,-0.7000000000000001,0,-2.63,0,0,0,0.0,0
7.11,-0.7000000000000001,0,-2.63,0,0,0,0.0,0
7.116,-0.7000000000000001,0,-2.46,0,0,0,0.0,0
7.119,-0.7000000000000001,0,-2.46,0,0,0,0.0,0
7.121,-0.7000000000000001,0,-2.46,0,0,0,0.0,0
7.122,-0.7000000000000001,0,-2.46,0,0,0,0.0,0
7.124,-0.7000000000000001,0,-2.46,0,0,0,0.0,0
7.124,-0.7000000000000001,0,-2.46,0,0,0,0.0,0
7.126,-0.7000000000000001,0,-2.46,0,0,0,0.0,0
7.126,-0.7000000000000001,0,-2.46,0,0,0,0.0,0
7.127,-0.7000000000000001,0,-2.46,0,0,0,0.0,0
7.127,-0.7000000000000001,0,-2.46,0,0,0,0.0,0
7.128,-0.7000000000000001,0,-2.2800000000000002,0,0,0,0.0,0
7.128,-0.7000000000000001,0,-2.2800000000000002,0,0,0,0.0,0
7.129,-0.7000000000000001,0,-2.2800000000000002,0,0,0,0.0,0
7.13,-0.7000000000000001,0,-2.2800000000000002,0,0,0,0.0,0
7.13,-0.7000000000000001,0,-2.2800000000000002,0,0,0,0.0,0
7.131,-0.7000000000000001,0,-2.2800000000000002,0,0,0,0.0,0
7.131,-0.7000000000000001,0,-2.2800000000000002,0,0,0,0.0,0
7.132,-0.7000000000000001,0,-2.2800000000000002,0,0,0,0.0,0
7.132,-0.7000000000000001,0,-2.2800000000000002,0,0,0,0.0,0
7.133,-0.7000000000000001,0,-2.2800000000000002,0,0,0,0.0,0
7.133,-0.7000000000000001,0,-2.2800000000000002,0,0,0,0.0,0
7.134,-0.7000000000000001,0,-2.2800000000000002,0,0,0,0.0,0
7.134,-0.7000000000000001,0,-2.2800000000000002,0,0,0,0.0,0
7.135,-0.7000000000000001,0,-2.2800000000000002,0,0,0,0.0,0
7.135,-0.7000000000000001,0,-2.2800000000000002,0,0,0,0.0,0
7.136,-0.7000000000000001,0,-2.2800000000000002,0,0,0,0.0,0
7.136,-0.7000000000000001,0,-2.2800000000000002,0,0,0,0.0,0
7.137,-0.7000000000000001,0,-2.2800000000000002,0,0,0,0.0,0
7.137,-0.7000000000000001,0,-2.2800000000000002,0,0,0,0.0,0
7.138,-0.7000000000000001,0,-2.2800000000000002,0,0,0,0.0,0
7.138,-0.7000000000000001,0,-2.2800000000000002,0,0,0,0.0,0
7.139,-0.7000000000000001,0,-2.2800000000000002,0,0,0,0.0,0
7.139,-0.7000000000000001,0,-2.2800000000000002,0,0,0,0.0,0
7.14,-0.7000000000000001,0,-2.2800000000000002,0,0,0,0.0,0
7.14,-0.7000000000000001,0,-2.2800000000000002,0,0,0,0.0,0
7.141,-0.7000000000000001,0,-2.2800000000000002,0,0,0,0.0,0
7.141,-0.7000000000000001,0,-2.2800000000000002,0,0,0,0.0,0
7.142,-0.7000000000000001,0,-2.2800000000000002,0,0,0,0.0,0
7.142,-0.7000000000000001,0,-2.2800000000000002,0,0,0,0.0,0
7.143,-0.7000000000000001,0,-2.2800000000000002,0,0,0,0.0,0
7.143,-0.7000000000000001,0,-2.2800000000000002,0,0,0,0.0,0
7.144,-0.7000000000000001,0,-2.2800000000000002,0,0,0,0.0,0
7.145,-0.7000000000000001,0,-2.2800000000000002,0,0,0,0.0,0
7.145,-0.7000000000000001,0,-2.2800000000000002,0,0,0,0.0,0
7.146,-0.7000000000000001,0,-2.2800000000000002,0,0,0,0.0,0
7.146,-0.7000000000000001,0,-2.2800000000000002,0,0,0,0.0,0
7.147,-0.7000000000000001,0,-2.1,0,0,0,0.0,0
7.147,-0.7000000000000001,0,-2.1,0,0,0,0.0,0
7.148,-0.7000000000000001,0,-2.1,0,0,0,0.0,0
7.148,-0.7000000000000001,0,-2.1,0,0,0,0.0,0
7.149,-0.7000000000000001,0,-2.1,0,0,0,0.0,0
7.149,-0.7000000000000001,0,-2.1,0,0,0,0.0,0
7.15,-0.7000000000000001,0,-2.1,0,0,0,0.0,0
7.15,-0.7000000000000001,0,-2.1,0,0,0,0.0,0
7.151,-0.7000000000000001,0,-2.1,0,0,0,0.0,0
7.151,-0.7000000000000001,0,-2.1,0,0,0,0.0,0
7.152,-0.7000000000000001,0,-2.1,0,0,0,0.0,0
7.152,-0.7000000000000001,0,-2.1,0,0,0,0.0,0
7.153,-0.7000000000000001,0,-2.1,0,0,0,0.0,0
7.153,-0.7000000000000001,0,-2.1,0,0,0,0.0,0
7.154,-0.7000000000000001,0,-2.1,0,0,0,0.0,0
7.154,-0.7000000000000001,0,-2.1,0,0,0,0.0,0
7.155,-0.7000000000000001,0,-2.1,0,0,0,0.0,0
7.155,-0.7000000000000001,0,-2.1,0,0,0,0.0,0
7.156,-0.7000000000000001,0,-2.1,0,0,0,0.0,0
7.156,-0.7000000000000001,0,-2.1,0,0,0,0.0,0
7.157,-0.7000000000000001,0,-2.1,0,0,0,0.0,0
7.157,-0.7000000000000001,0,-2.1,0,0,0,0.0,0
7.158,-0.7000000000000001,0,-2.1,0,0,0,0.0,0
7.158,-0.7000000000000001,0,-2.1,0,0,0,0.0,0
7.159,-0.7000000000000001,0,-2.1,0,0,0,0.0,0
7.159,-0.7000000000000001,0,-2.1,0,0,0,0.0,0
7.16,-0.7000000000000001,0,-2.1,0,0,0,0.0,0
7.16,-0.7000000000000001,0,-2.1,0,0,0,0.0,0
7.161,-0.7000000000000001,0,-2.1,0,0,0,0.0,0
7.161,-0.7000000000000001,0,-2.1,0,0,0,0.0,0
7.162,-0.7000000000000001,0,-2.1,0,0,0,0.0,0
7.162,-0.7000000000000001,0,-2.1,0,0,0,0.0,0
7.163,-0.7000000000000001,0,-2.1,0,0,0,0.0,0
7.163,-0.7000000000000001,0,-2.1,0,0,0,0.0,0
7.164,-0.7000000000000001,0,-2.1,0,0,0,0.0,0
7.164,-0.7000000000000001,0,-2.1,0,0,0,0.0,0
7.165,-0.7000000000000001,0,-2.1,0,0,0,0.0,0
7.165,-0.7000000000000001,0,-2.1,0,0,0,0.0,0
7.165,-0.7000000000000001,0,-2.1,0,0,0,0.0,0
7.166,-0.7000000000000001,0,-2.1,0,0,0,0.0,0
7.166,-0.7000000000000001,0,-2.1,0,0,0,0.0,0
7.167,-0.7000000000000001,0,-2.1,0,0,0,0.0,0
7.167,-0.7000000000000001,0,-2.1,0,0,0,0.0,0
7.168,-0.7000000000000001,0,-2.1,0,0,0,0.0,0
7.168,-0.7000000000000001,0,-1.9300000000000002,0,0,0,0.0,0
7.169,-0.7000000000000001,0,-1.9300000000000002,0,0,0,0.0,0
7.169,-0.7000000000000001,0,-1.9300000000000002,0,0,0,0.0,0
7.17,-0.7000000000000001,0,-1.9300000000000002,0,0,0,0.0,0
7.17,-0.7000000000000001,0,-1.9300000000000002,0,0,0,0.0,0
7.171,-0.7000000000000001,0,-1.9300000000000002,0,0,0,0.0,0
7.171,-0.7000000000000001,0,-1.9300000000000002,0,0,0,0.0,0
7.171,-0.7000000000000001,0,-1.9300000000000002,0,0,0,0.0,0
7.172,-0.7000000000000001,0,-1.9300000000000002,0,0,0,0.0,0
7.172,-0.7000000000000001,0,-1.9300000000000002,0,0,0,0.0,0
7.173,-0.7000000000000001,0,-1.9300000000000002,0,0,0,0.0,0
7.173,-0.7000000000000001,0,-1.9300000000000002,0,0,0,0.0,0
7.174,-0.7000000000000001,0,-1.9300000000000002,0,0,0,0.0,0
7.174,-0.7000000000000001,0,-1.9300000000000002,0,0,0,0.0,0
7.175,-0.7000000000000001,0,-1.9300000000000002,0,0,0,0.0,0
7.175,-0.7000000000000001,0,-1.9300000000000002,0,0,0,0.0,0
7.176,-0.7000000000000001,0,-1.9300000000000002,0,0,0,0.0,0
7.176,-0.7000000000000001,0,-1.9300000000000002,0,0,0,0.0,0
7.177,-0.7000000000000001,0,-1.9300000000000002,0,0,0,0.0,0
7.177,-0.7000000000000001,0,-1.9300000000000002,0,0,0,0.0,0
7.178,-0.7000000000000001,0,-1.9300000000000002,0,0,0,0.0,0
7.178,-0.7000000000000001,0,-1.9300000000000002,0,0,0,0.0,0
7.179,-0.7000000000000001,0,-1.9300000000000002,0,0,0,0.0,0
7.179,-0.7000000000000001,0,-1.9300000000000002,0,0,0,0.0,0
7.18,-0.7000000000000001,0,-1.9300000000000002,0,0,0,0.0,0
7.18,-0.7000000000000001,0,-1.9300000000000002,0,0,0,0.0,0
7.181,-0.7000000000000001,0,-1.9300000000000002,0,0,0,0.0,0
7.181,-0.7000000000000001,0,-1.9300000000000002,0,0,0,0.0,0
7.182,-0.7000000000000001,0,-1.9300000000000002,0,0,0,0.0,0
7.182,-0.7000000000000001,0,-1.9300000000000002,0,0,0,0.0,0
7.183,-0.7000000000000001,0,-1.9300000000000002,0,0,0,0.0,0
7.183,-0.7000000000000001,0,-1.9300000000000002,0,0,0,0.0,0
7.184,-0.7000000000000001,0,-1.9300000000000002,0,0,0,0.0,0
7.185,-0.7000000000000001,0,-1.9300000000000002,0,0,0,0.0,0
7.185,-0.7000000000000001,0,-1.9300000000000002,0,0,0,0.0,0
7.185,-0.7000000000000001,0,-1.9300000000000002,0,0,0,0.0,0
7.186,-0.7000000000000001,0,-1.9300000000000002,0,0,0,0.0,0
7.186,-0.7000000000000001,0,-1.9300000000000002,0,0,0,0.0,0
7.187,-0.7000000000000001,0,-1.9300000000000002,0,0,0,0.0,0
7.187,-0.7000000000000001,0,-1.9300000000000002,0,0,0,0.0,0
7.188,-0.7000000000000001,0,-1.9300000000000002,0,0,0,0.0,0
7.188,-0.7000000000000001,0,-1.9300000000000002,0,0,0,0.0,0
7.189,-0.7000000000000001,0,-1.9300000000000002,0,0,0,0.0,0
7.189,-0.7000000000000001,0,-1.9300000000000002,0,0,0,0.0,0
7.19,-0.7000000000000001,0,-1.9300000000000002,0,0,0,0.0,0
7.19,-0.7000000000000001,0,-1.9300000000000002,0,0,0,0.0,0
7.191,-0.7000000000000001,0,-1.9300000000000002,0,0,0,0.0,0
7.191,-0.7000000000000001,0,-1.9300000000000002,0,0,0,0.0,0
7.192,-0.7000000000000001,0,-1.9300000000000002,0,0,0,0.0,0
7.192,-0.7000000000000001,0,-1.9300000000000002,0,0,0,0.0,0
7.193,-0.7000000000000001,0,-1.9300000000000002,0,0,0,0.0,0
7.193,-0.7000000000000001,0,-1.9300000000000002,0,0,0,0.0,0
7.194,-0.7000000000000001,0,-1.9300000000000002,0,0,0,0.0,0
7.194,-0.7000000000000001,0,-1.9300000000000002,0,0,0,0.0,0
7.194,-0.7000000000000001,0,-1.9300000000000002,0,0,0,0.0,0
7.195,-0.7000000000000001,0,-1.9300000000000002,0,0,0,0.0,0
7.195,-0.7000000000000001,0,-1.9300000000000002,0,0,0,0.0,0
7.196,-0.7000000000000001,0,-1.9300000000000002,0,0,0,0.0,0
7.197,-0.7000000000000001,0,-1.9300000000000002,0,0,0,0.0,0
7.197,-0.7000000000000001,0,-1.9300000000000002,0,0,0,0.0,0
7.197,-0.7000000000000001,0,-1.9300000000000002,0,0,0,0.0,0
7.2,-0.7000000000000001,0,-1.9300000000000002,0,0,0,0.0,0
7.204,-0.7000000000000001,0,-1.9300000000000002,0,0,0,0.0,0
7.207,-0.7000000000000001,0,-1.9300000000000002,0,0,0,0.0,0
7.208,-0.7000000000000001,0,-1.9300000000000002,0,0,0,0.0,0
7.211,-0.7000000000000001,0,-1.9300000000000002,0,0,0,0.0,0
7.212,-0.7000000000000001,0,-1.9300000000000002,0,0,0,0.0,0
7.218,-0.7000000000000001,0,-1.9300000000000002,0,0,0,0.0,0
7.22,-0.7000000000000001,0,-1.9300000000000002,0,0,0,0.0,0
7.221,-0.7000000000000001,0,-1.9300000000000002,0,0,0,0.0,0
7.224,-0.7000000000000001,0,-1.9300000000000002,0,0,0,0.0,0
7.227,-0.7000000000000001,0,-1.9300000000000002,0,0,0,0.0,0
7.233,-0.7000000000000001,0,-1.9300000000000002,0,0,0,0.0,0
7.234,-0.7000000000000001,0,-1.9300000000000002,0,0,0,0.0,0
7.235,-0.7000000000000001,0,-1.9300000000000002,0,0,0,0.0,0
7.235,-0.7000000000000001,0,-1.9300000000000002,0,0,0,0.0,0
7.236,-0.7000000000000001,0,-1.9300000000000002,0,0,0,0.0,0
7.236,-0.7000000000000001,0,-1.9300000000000002,0,0,0,0.0,0
7.237,-0.7000000000000001,0,-1.9300000000000002,0,0,0,0.0,0
7.237,-0.7000000000000001,0,-1.9300000000000002,0,0,0,0.0,0
7.239,-0.7000000000000001,0,-1.9300000000000002,0,0,0,0.0,0
7.239,-0.7000000000000001,0,-1.9300000000000002,0,0,0,0.0,0
7.24,-0.7000000000000001,0,-1.9300000000000002,0,0,0,0.0,0
7.24,-0.7000000000000001,0,-1.9300000000000002,0,0,0,0.0,0
7.24,-0.7000000000000001,0,-1.9300000000000002,0,0,0,0.0,0
7.241,-0.7000000000000001,0,-1.9300000000000002,0,0,0,0.0,0
7.241,-0.7000000000000001,0,-1.9300000000000002,0,0,0,0.0,0
7.242,-0.7000000000000001,0,-1.9300000000000002,0,0,0,0.0,0
7.243,-0.7000000000000001,0,-1.9300000000000002,0,0,0,0.0,0
7.243,-0.7000000000000001,0,-1.9300000000000002,0,0,0,0.0,0
7.244,-0.7000000000000001,0,-1.9300000000000002,0,0,0,0.0,0
7.244,-0.7000000000000001,0,-1.9300000000000002,0,0,0,0.0,0
7.245,-0.7000000000000001,0,-1.9300000000000002,0,0,0,0.0,0
7.246,-0.7000000000000001,0,-1.9300000000000002,0,0,0,0.0,0
7.246,-0.7000000000000001,0,-1.9300000000000002,0,0,0,0.0,0
7.247,-0.7000000000000001,0,-1.9300000000000002,0,0,0,0.0,0
7.247,-0.7000000000000001,0,-1.9300000000000002,0,0,0,0.0,0
7.248,-0.7000000000000001,0,-1.9300000000000002,0,0,0,0.0,0
7.248,-0.7000000000000001,0,-1.9300000000000002,0,0,0,0.0,0
7.249,-0.7000000000000001,0,-1.9300000000000002,0,0,0,0.0,0
7.25,-0.7000000000000001,0,-1.9300000000000002,0,0,0,0.0,0
7.25,-0.7000000000000001,0,-1.9300000000000002,0,0,0,0.0,0
7.251,-0.7000000000000001,0,-1.9300000000000002,0,0,0,0.0,0
7.252,-0.7000000000000001,0,-1.9300000000000002,0,0,0,0.0,0
7.252,-0.7000000000000001,0,-1.9300000000000002,0,0,0,0.0,0
7.253,-0.7000000000000001,0,-1.9300000000000002,0,0,0,0.0,0
7.254,-0.7000000000000001,0,-1.9300000000000002,0,0,0,0.0,0
7.255,-0.7000000000000001,0,-1.9300000000000002,0,0,0,0.0,0
7.255,-0.7000000000000001,0,-1.9300000000000002,0,0,0,0.0,0
7.256,-0.7000000000000001,0,-1.9300000000000002,0,0,0,0.0,0
7.257,-0.7000000000000001,0,-1.9300000000000002,0,0,0,0.0,0
7.258,-0.7000000000000001,0,-1.9300000000000002,0,0,0,0.0,0
7.258,-0.7000000000000001,0,-1.9300000000000002,0,0,0,0.0,0
7.26,-0.7000000000000001,0,-1.9300000000000002,0,0,0,0.0,0
7.261,-0.7000000000000001,0,-1.9300000000000002,0,0,0,0.0,0
7.262,-0.7000000000000001,0,-1.9300000000000002,0,0,0,0.0,0
7.263,-0.7000000000000001,0,-1.9300000000000002,0,0,0,0.0,0
7.264,-0.7000000000000001,0,-1.9300000000000002,0,0,0,0.0,0
7.264,-0.7000000000000001,0,-1.9300000000000002,0,0,0,0.0,0
7.265,-0.7000000000000001,0,-1.9300000000000002,0,0,0,0.0,0
7.266,-0.7000000000000001,0,-1.9300000000000002,0,0,0,0.0,0
7.266,-0.7000000000000001,0,-1.9300000000000002,0,0,0,0.0,0
7.267,-0.7000000000000001,0,-1.9300000000000002,0,0,0,0.0,0
7.268,-0.7000000000000001,0,-1.9300000000000002,0,0,0,0.0,0
7.268,-0.7000000000000001,0,-1.9300000000000002,0,0,0,0.0,0
7.269,-0.7000000000000001,0,-1.9300000000000002,0,0,0,0.0,0
7.27,-0.7000000000000001,0,-1.9300000000000002,0,0,0,0.0,0
7.27,-0.7000000000000001,0,-1.9300000000000002,0,0,0,0.0,0
7.271,-0.7000000000000001,0,-1.9300000000000002,0,0,0,0.0,0
7.272,-0.7000000000000001,0,-1.9300000000000002,0,0,0,0.0,0
7.272,-0.7000000000000001,0,-1.9300000000000002,0,0,0,0.0,0
7.273,-0.7000000000000001,0,-1.9300000000000002,0,0,0,0.0,0
7.274,-0.7000000000000001,0,-1.9300000000000002,0,0,0,0.0,0
7.274,-0.7000000000000001,0,-1.9300000000000002,0,0,0,0.0,0
7.275,-0.7000000000000001,0,-1.9300000000000002,0,0,0,0.0,0
7.276,-0.7000000000000001,0,-1.9300000000000002,0,0,0,0.0,0
7.276,-0.7000000000000001,0,-1.9300000000000002,0,0,0,0.0,0
7.277,-0.7000000000000001,0,-1.9300000000000002,0,0,0,0.0,0
7.277,-0.7000000000000001,0,-1.9300000000000002,0,0,0,0.0,0
7.278,-0.7000000000000001,0,-1.9300000000000002,0,0,0,0.0,0
7.279,-0.7000000000000001,0,-1.9300000000000002,0,0,0,0.0,0
7.279,-0.7000000000000001,0,-1.9300000000000002,0,0,0,0.0,0
7.28,-0.7000000000000001,0,-1.9300000000000002,0,0,0,0.0,0
7.281,-0.7000000000000001,0,-1.9300000000000002,0,0,0,0.0,0
7.281,-0.7000000000000001,0,-1.9300000000000002,0,0,0,0.0,0
7.282,-0.7000000000000001,0,-1.9300000000000002,0,0,0,0.0,0
7.283,-0.7000000000000001,0,-1.9300000000000002,0,0,0,0.0,0
7.283,-0.7000000000000001,0,-1.9300000000000002,0,0,0,0.0,0
7.285,-0.7000000000000001,0,-1.9300000000000002,0,0,0,0.0,0
7.285,-0.7000000000000001,0,-1.9300000000000002,0,0,0,0.0,0
7.285,-0.7000000000000001,0,-1.9300000000000002,0,0,0,0.0,0
7.287,-0.7000000000000001,0,-1.9300000000000002,0,0,0,0.0,0
7.287,-0.7000000000000001,0,-1.9300000000000002,0,0,0,0.0,0
7.288,-0.7000000000000001,0,-1.9300000000000002,0,0,0,0.0,0
7.288,-0.7000000000000001,0,-1.9300000000000002,0,0,0,0.0,0
7.289,-0.7000000000000001,0,-1.9300000000000002,0,0,0,0.0,0
7.289,-0.7000000000000001,0,-1.9300000000000002,0,0,0,0.0,0
7.29,-0.7000000000000001,0,-1.9300000000000002,0,0,0,0.0,0
7.291,-0.7000000000000001,0,-1.9300000000000002,0,0,0,0.0,0
7.291,-0.7000000000000001,0,-1.9300000000000002,0,0,0,0.0,0
7.292,-0.7000000000000001,0,-1.9300000000000002,0,0,0,0.0,0
7.293,-0.7000000000000001,0,-1.9300000000000002,0,0,0,0.0,0
7.293,-0.7000000000000001,0,-2.1,0,0,0,0.0,0
7.294,-0.7000000000000001,0,-2.1,0,0,0,0.0,0
7.294,-0.7000000000000001,0,-2.1,0,0,0,0.0,0
7.295,-0.7000000000000001,0,-2.1,0,0,0,0.0,0
7.296,-0.7000000000000001,0,-2.1,0,0,0,0.0,0
7.296,-0.7000000000000001,0,-2.1,0,0,0,0.0,0
7.297,-0.7000000000000001,0,-2.1,0,0,0,0.0,0
7.297,-0.7000000000000001,0,-2.1,0,0,0,0.0,0
7.298,-0.7000000000000001,0,-2.1,0,0,0,0.0,0
7.299,-0.7000000000000001,0,-2.1,0,0,0,0.0,0
7.299,-0.7000000000000001,0,-2.1,0,0,0,0.0,0
7.3,-0.7000000000000001,0,-2.1,0,0,0,0.0,0
7.3,-0.7000000000000001,0,-2.1,0,0,0,0.0,0
7.301,-0.7000000000000001,0,-2.1,0,0,0,0.0,0
7.302,-0.7000000000000001,0,-2.1,0,0,0,0.0,0
7.302,-0.7000000000000001,0,-2.1,0,0,0,0.0,0
7.303,-0.7000000000000001,0,-2.1,0,0,0,0.0,0
7.303,-0.7000000000000001,0,-2.1,0,0,0,0.0,0
7.304,-0.7000000000000001,0,-2.1,0,0,0,0.0,0
7.305,-0.7000000000000001,0,-2.1,0,0,0,0.0,0
7.305,-0.7000000000000001,0,-2.1,0,0,0,0.0,0
7.306,-0.7000000000000001,0,-2.1,0,0,0,0.0,0
7.309,-0.7000000000000001,0,-2.1,0,0,0,0.0,0
7.312,-0.7000000000000001,0,-2.1,0,0,0,0.0,0
7.316,-0.7000000000000001,0,-2.1,0,0,0,0.0,0
7.32,-0.7000000000000001,0,-2.1,0,0,0,0.0,0
7.324,-0.7000000000000001,0,-2.2800000000000002,0,0,0,0.0,0
7.331,-0.7000000000000001,0,-2.2800000000000002,0,0,0,0.0,0
7.335,-0.7000000000000001,0,-2.2800000000000002,0,0,0,0.0,0
7.341,-0.7000000000000001,0,-2.2800000000000002,0,0,0,0.0,0
7.348,-0.7000000000000001,0,-2.46,0,0,0,0.0,0
7.351,-0.7000000000000001,0,-2.46,0,0,0,0.0,0
7.355,-0.7000000000000001,0,-2.46,0,0,0,0.0,0
7.355,-0.7000000000000001,0,-2.46,0,0,0,0.0,0
7.356,-0.7000000000000001,0,-2.46,0,0,0,0.0,0
7.357,-0.7000000000000001,0,-2.63,0,0,0,0.0,0
7.358,-0.7000000000000001,0,-2.63,0,0,0,0.0,0
7.359,-0.7000000000000001,0,-2.63,0,0,0,0.0,0
7.359,-0.7000000000000001,0,-2.63,0,0,0,0.0,0
7.36,-0.7000000000000001,0,-2.63,0,0,0,0.0,0
7.361,-0.7000000000000001,0,-2.63,0,0,0,0.0,0
7.362,-0.7000000000000001,0,-2.63,0,0,0,0.0,0
7.362,-0.7000000000000001,0,-2.63,0,0,0,0.0,0
7.364,-0.7000000000000001,0,-2.63,0,0,0,0.0,0
7.365,-0.7000000000000001,0,-2.63,0,0,0,0.0,0
7.365,-0.7000000000000001,0,-2.63,0,0,0,0.0,0
7.367,-0.7000000000000001,0,-2.63,0,0,0,0.0,0
7.368,-0.7000000000000001,0,-2.63,0,0,0,0.0,0
7.368,-0.7000000000000001,0,-2.63,0,0,0,0.0,0
7.369,-0.7000000000000001,0,-2.63,0,0,0,0.0,0
7.37,-0.7000000000000001,0,-2.63,0,0,0,0.0,0
7.371,-0.7000000000000001,0,-2.63,0,0,0,0.0,0
7.372,-0.7000000000000001,0,-2.63,0,0,0,0.0,0
7.373,-0.7000000000000001,0,-2.63,0,0,0,0.0,0
7.374,-0.7000000000000001,0,-2.63,0,0,0,0.0,0
7.375,-0.7000000000000001,0,-2.63,0,0,0,0.0,0
7.375,-0.7000000000000001,0,-2.63,0,0,0,0.0,0
7.376,-0.7000000000000001,0,-2.63,0,0,0,0.0,0
7.377,-0.7000000000000001,0,-2.63,0,0,0,0.0,0
7.378,-0.7000000000000001,0,-2.63,0,0,0,0.0,0
7.378,-0.7000000000000001,0,-2.63,0,0,0,0.0,0
7.379,-0.7000000000000001,0,-2.63,0,0,0,0.0,0
7.38,-0.7000000000000001,0,-2.63,0,0,0,0.0,0
7.381,-0.7000000000000001,0,-2.63,0,0,0,0.0,0
7.381,-0.7000000000000001,0,-2.63,0,0,0,0.0,0
7.382,-0.7000000000000001,0,-2.63,0,0,0,0.0,0
7.383,-0.7000000000000001,0,-2.63,0,0,0,0.0,0
7.383,-0.7000000000000001,0,-2.63,0,0,0,0.0,0
7.384,-0.7000000000000001,0,-2.81,0,0,0,0.0,0
7.385,-0.7000000000000001,0,-2.81,0,0,0,0.0,0
7.385,-0.7000000000000001,0,-2.81,0,0,0,0.0,0
7.387,-0.7000000000000001,0,-2.81,0,0,0,0.0,0
7.388,-0.7000000000000001,0,-2.81,0,0,0,0.0,0
7.388,-0.7000000000000001,0,-2.81,0,0,0,0.0,0
7.389,-0.7000000000000001,0,-2.81,0,0,0,0.0,0
7.389,-0.7000000000000001,0,-2.81,0,0,0,0.0,0
7.39,-0.7000000000000001,0,-2.81,0,0,0,0.0,0
7.391,-0.7000000000000001,0,-2.81,0,0,0,0.0,0
7.392,-0.7000000000000001,0,-2.81,0,0,0,0.0,0
7.392,-0.7000000000000001,0,-2.81,0,0,0,0.0,0
7.393,-0.7000000000000001,0,-2.81,0,0,0,0.0,0
7.394,-0.7000000000000001,0,-2.81,0,0,0,0.0,0
7.394,-0.7000000000000001,0,-2.81,0,0,0,0.0,0
7.395,-0.7000000000000001,0,-2.81,0,0,0,0.0,0
7.396,-0.7000000000000001,0,-2.81,0,0,0,0.0,0
7.396,-0.7000000000000001,0,-2.81,0,0,0,0.0,0
7.397,-0.7000000000000001,0,-2.81,0,0,0,0.0,0
7.398,-0.7000000000000001,0,-2.81,0,0,0,0.0,0
7.398,-0.7000000000000001,0,-2.81,0,0,0,0.0,0
7.399,-0.7000000000000001,0,-2.81,0,0,0,0.0,0
7.399,-0.7000000000000001,0,-2.81,0,0,0,0.0,0
7.4,-0.7000000000000001,0,-2.81,0,0,0,0.0,0
7.401,-0.7000000000000001,0,-2.81,0,0,0,0.0,0
7.402,-0.7000000000000001,0,-2.81,0,0,0,0.0,0
7.402,-0.7000000000000001,0,-2.81,0,0,0,0.0,0
7.403,-0.7000000000000001,0,-2.98,0,0,0,0.0,0
7.404,-0.7000000000000001,0,-2.98,0,0,0,0.0,0
7.405,-0.7000000000000001,0,-2.98,0,0,0,0.0,0
7.405,-0.7000000000000001,0,-2.98,0,0,0,0.0,0
7.406,-0.7000000000000001,0,-2.98,0,0,0,0.0,0
7.406,-0.7000000000000001,0,-2.98,0,0,0,0.0,0
7.407,-0.7000000000000001,0,-2.98,0,0,0,0.0,0
7.407,-0.7000000000000001,0,-2.98,0,0,0,0.0,0
7.408,-0.7000000000000001,0,-2.98,0,0,0,0.0,0
7.409,-0.7000000000000001,0,-2.98,0,0,0,0.0,0
7.409,-0.7000000000000001,0,-2.98,0,0,0,0.0,0
7.41,-0.7000000000000001,0,-2.98,0,0,0,0.0,0
7.41,-0.7000000000000001,0,-2.98,0,0,0,0.0,0
7.411,-0.7000000000000001,0,-2.98,0,0,0,0.0,0
7.411,-0.7000000000000001,0,-2.98,0,0,0,0.0,0
7.413,-0.7000000000000001,0,-2.98,0,0,0,0.0,0
7.413,-0.7000000000000001,0,-2.98,0,0,0,0.0,0
7.414,-0.7000000000000001,0,-2.98,0,0,0,0.0,0
7.414,-0.7000000000000001,0,-2.98,0,0,0,0.0,0
7.415,-0.7000000000000001,0,-2.98,0,0,0,0.0,0
7.416,-0.7000000000000001,0,-2.98,0,0,0,0.0,0
7.42,-0.7000000000000001,0,-2.98,0,0,0,0.0,0
7.424,-0.7000000000000001,0,-2.98,0,0,0,0.0,0
7.431,-0.7000000000000001,0,-3.16,0,0,0,0.0,0
7.433,-0.7000000000000001,0,-3.16,0,0,0,0.0,0
7.435,-0.7000000000000001,0,-3.16,0,0,0,0.0,0
7.438,-0.7000000000000001,0,-3.16,0,0,0,0.0,0
7.44,-0.7000000000000001,0,-3.16,0,0,0,0.0,0
7.441,-0.7000000000000001,0,-3.16,0,0,0,0.0,0
7.448,-0.7000000000000001,0,-3.16,0,0,0,0.0,0
7.452,-0.7000000000000001,0,-3.16,0,0,0,0.0,0
7.454,-0.7000000000000001,0,-3.33,0,0,0,0.0,0
7.455,-0.7000000000000001,0,-3.33,0,0,0,0.0,0
7.456,-0.7000000000000001,0,-3.33,0,0,0,0.0,0
7.456,-0.7000000000000001,0,-3.33,0,0,0,0.0,0
7.457,-0.7000000000000001,0,-3.33,0,0,0,0.0,0
7.457,-0.7000000000000001,0,-3.33,0,0,0,0.0,0
7.458,-0.7000000000000001,0,-3.33,0,0,0,0.0,0
7.458,-0.7000000000000001,0,-3.33,0,0,0,0.0,0
7.458,-0.7000000000000001,0,-3.33,0,0,0,0.0,0
7.46,-0.7000000000000001,0,-3.33,0,0,0,0.0,0
7.46,-0.7000000000000001,0,-3.33,0,0,0,0.0,0
7.461,-0.7000000000000001,0,-3.33,0,0,0,0.0,0
7.461,-0.7000000000000001,0,-3.33,0,0,0,0.0,0
7.462,-0.7000000000000001,0,-3.33,0,0,0,0.0,0
7.463,-0.7000000000000001,0,-3.33,0,0,0,0.0,0
7.463,-0.7000000000000001,0,-3.33,0,0,0,0.0,0
7.464,-0.7000000000000001,0,-3.33,0,0,0,0.0,0
7.465,-0.7000000000000001,0,-3.33,0,0,0,0.0,0
7.465,-0.7000000000000001,0,-3.33,0,0,0,0.0,0
7.466,-0.7000000000000001,0,-3.33,0,0,0,0.0,0
7.466,-0.7000000000000001,0,-3.33,0,0,0,0.0,0
7.467,-0.7000000000000001,0,-3.33,0,0,0,0.0,0
7.468,-0.7000000000000001,0,-3.33,0,0,0,0.0,0
7.468,-0.7000000000000001,0,-3.33,0,0,0,0.0,0
7.469,-0.7000000000000001,0,-3.33,0,0,0,0.0,0
7.469,-0.7000000000000001,0,-3.33,0,0,0,0.0,0
7.47,-0.7000000000000001,0,-3.33,0,0,0,0.0,0
7.47,-0.7000000000000001,0,-3.33,0,0,0,0.0,0
7.471,-0.7000000000000001,0,-3.33,0,0,0,0.0,0
7.471,-0.7000000000000001,0,-3.33,0,0,0,0.0,0
7.472,-0.7000000000000001,0,-3.33,0,0,0,0.0,0
7.472,-0.7000000000000001,0,-3.33,0,0,0,0.0,0
7.473,-0.7000000000000001,0,-3.33,0,0,0,0.0,0
7.473,-0.7000000000000001,0,-3.33,0,0,0,0.0,0
7.473,-0.7000000000000001,0,-3.33,0,0,0,0.0,0
7.474,-0.7000000000000001,0,-3.33,0,0,0,0.0,0
7.474,-0.7000000000000001,0,-3.33,0,0,0,0.0,0
7.475,-0.7000000000000001,0,-3.33,0,0,0,0.0,0
7.475,-0.7000000000000001,0,-3.33,0,0,0,0.0,0
7.476,-0.7000000000000001,0,-3.33,0,0,0,0.0,0
7.476,-0.7000000000000001,0,-3.33,0,0,0,0.0,0
7.477,-0.7000000000000001,0,-3.33,0,0,0,0.0,0
7.478,-0.7000000000000001,0,-3.33,0,0,0,0.0,0
7.479,-0.7000000000000001,0,-3.33,0,0,0,0.0,0
7.479,-0.7000000000000001,0,-3.33,0,0,0,0.0,0
7.48,-0.7000000000000001,0,-3.33,0,0,0,0.0,0
7.48,-0.7000000000000001,0,-3.33,0,0,0,0.0,0
7.481,-0.7000000000000001,0,-3.33,0,0,0,0.0,0
7.482,-0.7000000000000001,0,-3.33,0,0,0,0.0,0
7.483,-0.7000000000000001,0,-3.33,0,0,0,0.0,0
7.483,-0.7000000000000001,0,-3.33,0,0,0,0.0,0
7.484,-0.7000000000000001,0,-3.33,0,0,0,0.0,0
7.485,-0.7000000000000001,0,-3.33,0,0,0,0.0,0
7.486,-0.7000000000000001,0,-3.33,0,0,0,0.0,0
7.487,-0.7000000000000001,0,-3.33,0,0,0,0.0,0
7.487,-0.7000000000000001,0,-3.33,0,0,0,0.0,0
7.488,-0.7000000000000001,0,-3.33,0,0,0,0.0,0
7.489,-0.7000000000000001,0,-3.33,0,0,0,0.0,0
7.489,-0.7000000000000001,0,-3.33,0,0,0,0.0,0
7.49,-0.7000000000000001,0,-3.33,0,0,0,0.0,0
7.49,-0.7000000000000001,0,-3.33,0,0,0,0.0,0
7.491,-0.7000000000000001,0,-3.33,0,0,0,0.0,0
7.491,-0.7000000000000001,0,-3.33,0,0,0,0.0,0
7.492,-0.7000000000000001,0,-3.33,0,0,0,0.0,0
7.492,-0.7000000000000001,0,-3.33,0,0,0,0.0,0
7.493,-0.7000000000000001,0,-3.33,0,0,0,0.0,0
7.494,-0.7000000000000001,0,-3.33,0,0,0,0.0,0
7.494,-0.7000000000000001,0,-3.33,0,0,0,0.0,0
7.495,-0.7000000000000001,0,-3.33,0,0,0,0.0,0
7.496,-0.7000000000000001,0,-3.33,0,0,0,0.0,0
7.497,-0.7000000000000001,0,-3.33,0,0,0,0.0,0
7.497,-0.7000000000000001,0,-3.33,0,0,0,0.0,0
7.498,-0.7000000000000001,0,-3.33,0,0,0,0.0,0
7.498,-0.7000000000000001,0,-3.33,0,0,0,0.0,0
7.499,-0.7000000000000001,0,-3.33,0,0,0,0.0,0
7.499,-0.7000000000000001,0,-3.33,0,0,0,0.0,0
7.5,-0.7000000000000001,0,-3.33,0,0,0,0.0,0
7.501,-0.7000000000000001,0,-3.33,0,0,0,0.0,0
7.501,-0.7000000000000001,0,-3.33,0,0,0,0.0,0
7.502,-0.7000000000000001,0,-3.33,0,0,0,0.0,0
7.502,-0.7000000000000001,0,-3.33,0,0,0,0.0,0
7.503,-0.7000000000000001,0,-3.33,0,0,0,0.0,0
7.503,-0.7000000000000001,0,-3.33,0,0,0,0.0,0
7.504,-0.7000000000000001,0,-3.33,0,0,0,0.0,0
7.504,-0.7000000000000001,0,-3.33,0,0,0,0.0,0
7.505,-0.7000000000000001,0,-3.33,0,0,0,0.0,0
7.505,-0.7000000000000001,0,-3.33,0,0,0,0.0,0
7.506,-0.7000000000000001,0,-3.33,0,0,0,0.0,0
7.507,-0.7000000000000001,0,-3.33,0,0,0,0.0,0
7.507,-0.7000000000000001,0,-3.33,0,0,0,0.0,0
7.508,-0.7000000000000001,0,-3.33,0,0,0,0.0,0
7.508,-0.7000000000000001,0,-3.33,0,0,0,0.0,0
7.509,-0.7000000000000001,0,-3.33,0,0,0,0.0,0
7.509,-0.7000000000000001,0,-3.33,0,0,0,0.0,0
7.51,-0.7000000000000001,0,-3.33,0,0,0,0.0,0
7.511,-0.7000000000000001,0,-3.33,0,0,0,0.0,0
7.511,-0.7000000000000001,0,-3.33,0,0,0,0.0,0
7.512,-0.7000000000000001,0,-3.33,0,0,0,0.0,0
7.512,-0.7000000000000001,0,-3.33,0,0,0,0.0,0
7.513,-0.7000000000000001,0,-3.33,0,0,0,0.0,0
7.513,-0.7000000000000001,0,-3.33,0,0,0,0.0,0
7.514,-0.7000000000000001,0,-3.33,0,0,0,0.0,0
7.515,-0.7000000000000001,0,-3.33,0,0,0,0.0,0
7.515,-0.7000000000000001,0,-3.33,0,0,0,0.0,0
7.516,-0.7000000000000001,0,-3.33,0,0,0,0.0,0
7.516,-0.7000000000000001,0,-3.33,0,0,0,0.0,0
7.517,-0.7000000000000001,0,-3.33,0,0,0,0.0,0
7.518,-0.7000000000000001,0,-3.33,0,0,0,0.0,0
7.518,-0.7000000000000001,0,-3.33,0,0,0,0.0,0
7.519,-0.7000000000000001,0,-3.33,0,0,0,0.0,0
7.519,-0.7000000000000001,0,-3.33,0,0,0,0.0,0
7.52,-0.7000000000000001,0,-3.33,0,0,0,0.0,0
7.52,-0.7000000000000001,0,-3.33,0,0,0,0.0,0
7.521,-0.7000000000000001,0,-3.33,0,0,0,0.0,0
7.521,-0.7000000000000001,0,-3.33,0,0,0,0.0,0
7.522,-0.7000000000000001,0,-3.33,0,0,0,0.0,0
7.522,-0.7000000000000001,0,-3.33,0,0,0,0.0,0
7.523,-0.7000000000000001,0,-3.33,0,0,0,0.0,0
7.533,-0.7000000000000001,0,-3.33,0,0,0,0.0,0
7.535,-0.7000000000000001,0,-3.33,0,0,0,0.0,0
7.537,-0.7000000000000001,0,-3.33,0,0,0,0.0,0
7.539,-0.7000000000000001,0,-3.33,0,0,0,0.0,0
7.542,-0.7000000000000001,0,-3.33,0,0,0,0.0,0
7.544,-0.7000000000000001,0,-3.33,0,0,0,0.0,0
7.545,-0.7000000000000001,0,-3.33,0,0,0,0.0,0
7.546,-0.7000000000000001,0,-3.33,0,0,0,0.0,0
7.548,-0.7000000000000001,0,-3.33,0,0,0,0.0,0
7.55,-0.7000000000000001,0,-3.33,0,0,0,0.0,0
7.554,-0.7000000000000001,0,-3.33,0,0,0,0.0,0
7.561,-0.7000000000000001,0,-3.33,0,0,0,0.0,0
7.567,-0.7000000000000001,0,-3.33,0,0,0,0.0,0
7.57,-0.7000000000000001,0,-3.33,0,0,0,0.0,0
7.571,-0.7000000000000001,0,-3.33,0,0,0,0.0,0
7.572,-0.7000000000000001,0,-3.33,0,0,0,0.0,0
7.572,-0.7000000000000001,0,-3.33,0,0,0,0.0,0
7.573,-0.7000000000000001,0,-3.33,0,0,0,0.0,0
7.574,-0.7000000000000001,0,-3.33,0,0,0,0.0,0
7.575,-0.7000000000000001,0,-3.33,0,0,0,0.0,0
7.575,-0.7000000000000001,0,-3.33,0,0,0,0.0,0
7.576,-0.7000000000000001,0,-3.33,0,0,0,0.0,0
7.577,-0.7000000000000001,0,-3.33,0,0,0,0.0,0
7.578,-0.7000000000000001,0,-3.33,0,0,0,0.0,0
7.579,-0.7000000000000001,0,-3.33,0,0,0,0.0,0
7.579,-0.7000000000000001,0,-3.33,0,0,0,0.0,0
7.58,-0.7000000000000001,0,-3.33,0,0,0,0.0,0
7.581,-0.7000000000000001,0,-3.33,0,0,0,0.0,0
7.582,-0.7000000000000001,0,-3.33,0,0,0,0.0,0
7.583,-0.7000000000000001,0,-3.33,0,0,0,0.0,0
7.583,-0.7000000000000001,0,-3.33,0,0,0,0.0,0
7.584,-0.7000000000000001,0,-3.33,0,0,0,0.0,0
7.585,-0.7000000000000001,0,-3.33,0,0,0,0.0,0
7.586,-0.7000000000000001,0,-3.33,0,0,0,0.0,0
7.587,-0.7000000000000001,0,-3.33,0,0,0,0.0,0
7.587,-0.7000000000000001,0,-3.16,0,0,0,0.0,0
7.588,-0.7000000000000001,0,-3.16,0,0,0,0.0,0
7.589,-0.7000000000000001,0,-3.16,0,0,0,0.0,0
7.589,-0.7000000000000001,0,-3.16,0,0,0,0.0,0
7.59,-0.7000000000000001,0,-3.16,0,0,0,0.0,0
7.591,-0.7000000000000001,0,-3.16,0,0,0,0.0,0
7.592,-0.7000000000000001,0,-3.16,0,0,0,0.0,0
7.592,-0.7000000000000001,0,-3.16,0,0,0,0.0,0
7.594,-0.7000000000000001,0,-3.16,0,0,0,0.0,0
7.594,-0.7000000000000001,0,-3.16,0,0,0,0.0,0
7.595,-0.7000000000000001,0,-3.16,0,0,0,0.0,0
7.596,-0.7000000000000001,0,-3.16,0,0,0,0.0,0
7.596,-0.7000000000000001,0,-3.16,0,0,0,0.0,0
7.597,-0.7000000000000001,0,-3.16,0,0,0,0.0,0
7.597,-0.7000000000000001,0,-3.16,0,0,0,0.0,0
7.598,-0.7000000000000001,0,-3.16,0,0,0,0.0,0
7.599,-0.7000000000000001,0,-3.16,0,0,0,0.0,0
7.599,-0.7000000000000001,0,-3.16,0,0,0,0.0,0
7.6,-0.7000000000000001,0,-3.16,0,0,0,0.0,0
7.601,-0.7000000000000001,0,-3.16,0,0,0,0.0,0
7.602,-0.7000000000000001,0,-3.16,0,0,0,0.0,0
7.602,-0.7000000000000001,0,-3.16,0,0,0,0.0,0
7.603,-0.7000000000000001,0,-3.16,0,0,0,0.0,0
7.603,-0.7000000000000001,0,-3.16,0,0,0,0.0,0
7.604,-0.7000000000000001,0,-3.16,0,0,0,0.0,0
7.605,-0.7000000000000001,0,-3.16,0,0,0,0.0,0
7.605,-0.7000000000000001,0,-3.16,0,0,0,0.0,0
7.606,-0.7000000000000001,0,-3.16,0,0,0,0.0,0
7.606,-0.7000000000000001,0,-3.16,0,0,0,0.0,0
7.607,-0.7000000000000001,0,-3.16,0,0,0,0.0,0
7.607,-0.7000000000000001,0,-3.16,0,0,0,0.0,0
7.608,-0.7000000000000001,0,-3.16,0,0,0,0.0,0
7.609,-0.7000000000000001,0,-3.16,0,0,0,0.0,0
7.61,-0.7000000000000001,0,-3.16,0,0,0,0.0,0
7.61,-0.7000000000000001,0,-3.16,0,0,0,0.0,0
7.611,-0.7000000000000001,0,-2.98,0,0,0,0.0,0
7.612,-0.7000000000000001,0,-2.98,0,0,0,0.0,0
7.612,-0.7000000000000001,0,-2.98,0,0,0,0.0,0
7.613,-0.7000000000000001,0,-2.98,0,0,0,0.0,0
7.613,-0.7000000000000001,0,-2.98,0,0,0,0.0,0
7.614,-0.7000000000000001,0,-2.98,0,0,0,0.0,0
7.614,-0.7000000000000001,0,-2.98,0,0,0,0.0,0
7.615,-0.7000000000000001,0,-2.98,0,0,0,0.0,0
7.616,-0.7000000000000001,0,-2.98,0,0,0,0.0,0
7.616,-0.7000000000000001,0,-2.98,0,0,0,0.0,0
7.617,-0.7000000000000001,0,-2.98,0,0,0,0.0,0
7.618,-0.7000000000000001,0,-2.98,0,0,0,0.0,0
7.618,-0.7000000000000001,0,-2.98,0,0,0,0.0,0
7.62,-0.7000000000000001,0,-2.98,0,0,0,0.0,0
7.62,-0.7000000000000001,0,-2.98,0,0,0,0.0,0
7.621,-0.7000000000000001,0,-2.98,0,0,0,0.0,0
7.621,-0.7000000000000001,0,-2.98,0,0,0,0.0,0
7.622,-0.7000000000000001,0,-2.98,0,0,0,0.0,0
7.623,-0.7000000000000001,0,-2.98,0,0,0,0.0,0
7.623,-0.7000000000000001,0,-2.98,0,0,0,0.0,0
7.624,-0.7000000000000001,0,-2.98,0,0,0,0.0,0
7.624,-0.7000000000000001,0,-2.98,0,0,0,0.0,0
7.625,-0.7000000000000001,0,-2.98,0,0,0,0.0,0
7.625,-0.7000000000000001,0,-2.98,0,0,0,0.0,0
7.626,-0.7000000000000001,0,-2.98,0,0,0,0.0,0
7.627,-0.7000000000000001,0,-2.98,0,0,0,0.0,0
7.627,-0.7000000000000001,0,-2.98,0,0,0,0.0,0
7.627,-0.7000000000000001,0,-2.98,0,0,0,0.0,0
7.629,-0.7000000000000001,0,-2.98,0,0,0,0.0,0
7.637,-0.7000000000000001,0,-2.98,0,0,0,0.0,0
7.64,-0.7000000000000001,0,-2.81,0,0,0,0.0,0
7.644,-0.7000000000000001,0,-2.81,0,0,0,0.0,0
7.649,-0.7000000000000001,0,-2.81,0,0,0,0.0,0
7.655,-0.7000000000000001,0,-2.81,0,0,0,0.0,0
7.656,-0.7000000000000001,0,-2.63,0,0,0,0.0,0
7.658,-0.7000000000000001,0,-2.63,0,0,0,0.0,0
7.66,-0.7000000000000001,0,-2.63,0,0,0,0.0,0
7.662,-0.7000000000000001,0,-2.63,0,0,0,0.0,0
7.666,-0.7000000000000001,0,-2.63,0,0,0,0.0,0
7.669,-0.7000000000000001,0,-2.63,0,0,0,0.0,0
7.672,-0.7000000000000001,0,-2.63,0,0,0,0.0,0
7.677,-0.7000000000000001,0,-2.63,0,0,0,0.0,0
7.678,-0.7000000000000001,0,-2.63,0,0,0,0.0,0
7.679,-0.7000000000000001,0,-2.63,0,0,0,0.0,0
7.679,-0.7000000000000001,0,-2.63,0,0,0,0.0,0
7.68,-0.7000000000000001,0,-2.46,0,0,0,0.0,0
7.681,-0.7000000000000001,0,-2.46,0,0,0,0.0,0
7.681,-0.7000000000000001,0,-2.46,0,0,0,0.0,0
7.682,-0.7000000000000001,0,-2.46,0,0,0,0.0,0
7.683,-0.7000000000000001,0,-2.46,0,0,0,0.0,0
7.683,-0.7000000000000001,0,-2.46,0,0,0,0.0,0
7.684,-0.7000000000000001,0,-2.46,0,0,0,0.0,0
7.684,-0.7000000000000001,0,-2.46,0,0,0,0.0,0
7.685,-0.7000000000000001,0,-2.46,0,0,0,0.0,0
7.685,-0.7000000000000001,0,-2.46,0,0,0,0.0,0
7.686,-0.7000000000000001,0,-2.46,0,0,0,0.0,0
7.686,-0.7000000000000001,0,-2.46,0,0,0,0.0,0
7.687,-0.7000000000000001,0,-2.46,0,0,0,0.0,0
7.688,-0.7000000000000001,0,-2.46,0,0,0,0.0,0
7.689,-0.7000000000000001,0,-2.46,0,0,0,0.0,0
7.689,-0.7000000000000001,0,-2.46,0,0,0,0.0,0
7.69,-0.7000000000000001,0,-2.46,0,0,0,0.0,0
7.69,-0.7000000000000001,0,-2.46,0,0,0,0.0,0
7.691,-0.7000000000000001,0,-2.46,0,0,0,0.0,0
7.691,-0.7000000000000001,0,-2.46,0,0,0,0.0,0
7.692,-0.7000000000000001,0,-2.46,0,0,0,0.0,0
7.692,-0.7000000000000001,0,-2.46,0,0,0,0.0,0
7.693,-0.7000000000000001,0,-2.46,0,0,0,0.0,0
7.694,-0.7000000000000001,0,-2.46,0,0,0,0.0,0
7.694,-0.7000000000000001,0,-2.46,0,0,0,0.0,0
7.695,-0.7000000000000001,0,-2.46,0,0,0,0.0,0
7.696,-0.7000000000000001,0,-2.46,0,0,0,0.0,0
7.696,-0.7000000000000001,0,-2.46,0,0,0,0.0,0
7.697,-0.7000000000000001,0,-2.46,0,0,0,0.0,0
7.697,-0.7000000000000001,0,-2.46,0,0,0,0.0,0
7.698,-0.7000000000000001,0,-2.46,0,0,0,0.0,0
7.699,-0.7000000000000001,0,-2.46,0,0,0,0.0,0
7.699,-0.7000000000000001,0,-2.46,0,0,0,0.0,0
7.7,-0.7000000000000001,0,-2.46,0,0,0,0.0,0
7.7,-0.7000000000000001,0,-2.46,0,0,0,0.0,0
7.701,-0.7000000000000001,0,-2.46,0,0,0,0.0,0
7.701,-0.7000000000000001,0,-2.2800000000000002,0,0,0,0.0,0
7.702,-0.7000000000000001,0,-2.2800000000000002,0,0,0,0.0,0
7.702,-0.7000000000000001,0,-2.2800000000000002,0,0,0,0.0,0
7.703,-0.7000000000000001,0,-2.2800000000000002,0,0,0,0.0,0
7.704,-0.7000000000000001,0,-2.2800000000000002,0,0,0,0.0,0
7.704,-0.7000000000000001,0,-2.2800000000000002,0,0,0,0.0,0
7.705,-0.7000000000000001,0,-2.2800000000000002,0,0,0,0.0,0
7.705,-0.7000000000000001,0,-2.2800000000000002,0,0,0,0.0,0
7.706,-0.7000000000000001,0,-2.2800000000000002,0,0,0,0.0,0
7.706,-0.7000000000000001,0,-2.2800000000000002,0,0,0,0.0,0
7.707,-0.7000000000000001,0,-2.2800000000000002,0,0,0,0.0,0
7.707,-0.7000000000000001,0,-2.2800000000000002,0,0,0,0.0,0
7.708,-0.7000000000000001,0,-2.2800000000000002,0,0,0,0.0,0
7.708,-0.7000000000000001,0,-2.2800000000000002,0,0,0,0.0,0
7.709,-0.7000000000000001,0,-2.2800000000000002,0,0,0,0.0,0
7.709,-0.7000000000000001,0,-2.2800000000000002,0,0,0,0.0,0
7.711,-0.7000000000000001,0,-2.2800000000000002,0,0,0,0.0,0
7.711,-0.7000000000000001,0,-2.2800000000000002,0,0,0,0.0,0
7.712,-0.7000000000000001,0,-2.2800000000000002,0,0,0,0.0,0
7.712,-0.7000000000000001,0,-2.2800000000000002,0,0,0,0.0,0
7.713,-0.7000000000000001,0,-2.2800000000000002,0,0,0,0.0,0
7.713,-0.7000000000000001,0,-2.2800000000000002,0,0,0,0.0,0
7.714,-0.7000000000000001,0,-2.2800000000000002,0,0,0,0.0,0
7.714,-0.7000000000000001,0,-2.2800000000000002,0,0,0,0.0,0
7.715,-0.7000000000000001,0,-2.2800000000000002,0,0,0,0.0,0
7.715,-0.7000000000000001,0,-2.2800000000000002,0,0,0,0.0,0
7.715,-0.7000000000000001,0,-2.2800000000000002,0,0,0,0.0,0
7.716,-0.7000000000000001,0,-2.2800000000000002,0,0,0,0.0,0
7.716,-0.7000000000000001,0,-2.2800000000000002,0,0,0,0.0,0
7.716,-0.7000000000000001,0,-2.2800000000000002,0,0,0,0.0,0
7.717,-0.7000000000000001,0,-2.2800000000000002,0,0,0,0.0,0
7.717,-0.7000000000000001,0,-2.2800000000000002,0,0,0,0.0,0
7.718,-0.7000000000000001,0,-2.2800000000000002,0,0,0,0.0,0
7.718,-0.7000000000000001,0,-2.2800000000000002,0,0,0,0.0,0
7.72,-0.7000000000000001,0,-2.2800000000000002,0,0,0,0.0,0
7.72,-0.7000000000000001,0,-2.2800000000000002,0,0,0,0.0,0
7.721,-0.7000000000000001,0,-2.2800000000000002,0,0,0,0.0,0
7.721,-0.7000000000000001,0,-2.2800000000000002,0,0,0,0.0,0
7.722,-0.7000000000000001,0,-2.2800000000000002,0,0,0,0.0,0
7.723,-0.7000000000000001,0,-2.2800000000000002,0,0,0,0.0,0
7.724,-0.7000000000000001,0,-2.2800000000000002,0,0,0,0.0,0
7.724,-0.7000000000000001,0,-2.2800000000000002,0,0,0,0.0,0
7.725,-0.7000000000000001,0,-2.2800000000000002,0,0,0,0.0,0
7.726,-0.7000000000000001,0,-2.1,0,0,0,0.0,0
7.726,-0.7000000000000001,0,-2.1,0,0,0,0.0,0
7.727,-0.7000000000000001,0,-2.1,0,0,0,0.0,0
7.728,-0.7000000000000001,0,-2.1,0,0,0,0.0,0
7.729,-0.7000000000000001,0,-2.1,0,0,0,0.0,0
7.73,-0.7000000000000001,0,-2.1,0,0,0,0.0,0
7.731,-0.7000000000000001,0,-2.1,0,0,0,0.0,0
7.732,-0.7000000000000001,0,-2.1,0,0,0,0.0,0
7.733,-0.7000000000000001,0,-2.1,0,0,0,0.0,0
7.734,-0.7000000000000001,0,-2.1,0,0,0,0.0,0
7.735,-0.7000000000000001,0,-2.1,0,0,0,0.0,0
7.736,-0.7000000000000001,0,-2.1,0,0,0,0.0,0
7.737,-0.7000000000000001,0,-2.1,0,0,0,0.0,0
7.738,-0.7000000000000001,0,-2.1,0,0,0,0.0,0
7.739,-0.7000000000000001,0,-2.1,0,0,0,0.0,0
7.74,-0.7000000000000001,0,-2.1,0,0,0,0.0,0
7.749,-0.7000000000000001,0,-2.1,0,0,0,0.0,0
7.752,-0.7000000000000001,0,-2.1,0,0,0,0.0,0
7.756,-0.7000000000000001,0,-2.1,0,0,0,0.0,0
7.769,-0.7000000000000001,0,-2.1,0,0,0,0.0,0
7.77,-0.7000000000000001,0,-1.9300000000000002,0,0,0,0.0,0
7.773,-0.7000000000000001,0,-1.9300000000000002,0,0,0,0.0,0
7.776,-0.7000000000000001,0,-1.9300000000000002,0,0,0,0.0,0
7.782,-0.7000000000000001,0,-1.9300000000000002,0,0,0,0.0,0
7.792,-0.7000000000000001,0,-1.9300000000000002,0,0,0,0.0,0
7.801,-0.7000000000000001,0,-1.9300000000000002,0,0,0,0.0,0
7.805,-0.7000000000000001,0,-1.9300000000000002,0,0,0,0.0,0
7.807,-0.7000000000000001,0,-1.9300000000000002,0,0,0,0.0,0
7.808,-0.7000000000000001,0,-1.9300000000000002,0,0,0,0.0,0
7.808,-0.7000000000000001,0,-1.9300000000000002,0,0,0,0.0,0
7.809,-0.7000000000000001,0,-1.9300000000000002,0,0,0,0.0,0
7.809,-0.7000000000000001,0,-1.9300000000000002,0,0,0,0.0,0
7.811,-0.7000000000000001,0,-1.9300000000000002,0,0,0,0.0,0
7.811,-0.7000000000000001,0,-1.9300000000000002,0,0,0,0.0,0
7.812,-0.7000000000000001,0,-1.9300000000000002,0,0,0,0.0,0
7.813,-0.7000000000000001,0,-1.9300000000000002,0,0,0,0.0,0
7.813,-0.7000000000000001,0,-1.9300000000000002,0,0,0,0.0,0
7.815,-0.7000000000000001,0,-1.9300000000000002,0,0,0,0.0,0
7.815,-0.7000000000000001,0,-1.9300000000000002,0,0,0,0.0,0
7.815,-0.7000000000000001,0,-1.9300000000000002,0,0,0,0.0,0
7.817,-0.7000000000000001,0,-1.9300000000000002,0,0,0,0.0,0
7.818,-0.7000000000000001,0,-1.9300000000000002,0,0,0,0.0,0
7.818,-0.7000000000000001,0,-1.9300000000000002,0,0,0,0.0,0
7.818,-0.7000000000000001,0,-1.9300000000000002,0,0,0,0.0,0
7.82,-0.7000000000000001,0,-1.9300000000000002,0,0,0,0.0,0
7.82,-0.7000000000000001,0,-1.9300000000000002,0,0,0,0.0,0
7.821,-0.7000000000000001,0,-1.9300000000000002,0,0,0,0.0,0
7.822,-0.7000000000000001,0,-1.9300000000000002,0,0,0,0.0,0
7.822,-0.7000000000000001,0,-1.9300000000000002,0,0,0,0.0,0
7.823,-0.7000000000000001,0,-1.9300000000000002,0,0,0,0.0,0
7.823,-0.7000000000000001,0,-1.9300000000000002,0,0,0,0.0,0
7.824,-0.7000000000000001,0,-1.9300000000000002,0,0,0,0.0,0
7.824,-0.7000000000000001,0,-1.9300000000000002,0,0,0,0.0,0
7.825,-0.7000000000000001,0,-1.9300000000000002,0,0,0,0.0,0
7.826,-0.7000000000000001,0,-1.9300000000000002,0,0,0,0.0,0
7.826,-0.7000000000000001,0,-1.9300000000000002,0,0,0,0.0,0
7.827,-0.7000000000000001,0,-1.9300000000000002,0,0,0,0.0,0
7.827,-0.7000000000000001,0,-1.9300000000000002,0,0,0,0.0,0
7.828,-0.7000000000000001,0,-1.9300000000000002,0,0,0,0.0,0
7.829,-0.7000000000000001,0,-1.9300000000000002,0,0,0,0.0,0
7.829,-0.7000000000000001,0,-1.9300000000000002,0,0,0,0.0,0
7.83,-0.7000000000000001,0,-1.9300000000000002,0,0,0,0.0,0
7.83,-0.7000000000000001,0,-1.9300000000000002,0,0,0,0.0,0
7.831,-0.7000000000000001,0,-1.9300000000000002,0,0,0,0.0,0
7.831,-0.7000000000000001,0,-1.9300000000000002,0,0,0,0.0,0
7.832,-0.7000000000000001,0,-1.9300000000000002,0,0,0,0.0,0
7.833,-0.7000000000000001,0,-1.9300000000000002,0,0,0,0.0,0
7.833,-0.7000000000000001,0,-1.9300000000000002,0,0,0,0.0,0
7.834,-0.7000000000000001,0,-1.9300000000000002,0,0,0,0.0,0
7.835,-0.7000000000000001,0,-1.9300000000000002,0,0,0,0.0,0
7.835,-0.7000000000000001,0,-1.9300000000000002,0,0,0,0.0,0
7.836,-0.7000000000000001,0,-1.9300000000000002,0,0,0,0.0,0
7.836,-0.7000000000000001,0,-1.9300000000000002,0,0,0,0.0,0
7.837,-0.7000000000000001,0,-1.9300000000000002,0,0,0,0.0,0
7.837,-0.7000000000000001,0,-1.9300000000000002,0,0,0,0.0,0
7.838,-0.7000000000000001,0,-1.9300000000000002,0,0,0,0.0,0
7.838,-0.7000000000000001,0,-1.9300000000000002,0,0,0,0.0,0
7.84,-0.7000000000000001,0,-1.9300000000000002,0,0,0,0.0,0
7.84,-0.7000000000000001,0,-1.9300000000000002,0,0,0,0.0,0
7.841,-0.7000000000000001,0,-1.9300000000000002,0,0,0,0.0,0
7.841,-0.7000000000000001,0,-1.9300000000000002,0,0,0,0.0,0
7.842,-0.7000000000000001,0,-1.9300000000000002,0,0,0,0.0,0
7.842,-0.7000000000000001,0,-1.9300000000000002,0,0,0,0.0,0
7.843,-0.7000000000000001,0,-1.9300000000000002,0,0,0,0.0,0
7.843,-0.7000000000000001,0,-1.9300000000000002,0,0,0,0.0,0
7.844,-0.7000000000000001,0,-1.9300000000000002,0,0,0,0.0,0
7.844,-0.7000000000000001,0,-1.9300000000000002,0,0,0,0.0,0
7.844,-0.7000000000000001,0,-1.9300000000000002,0,0,0,0.0,0
7.845,-0.7000000000000001,0,-1.9300000000000002,0,0,0,0.0,0
7.845,-0.7000000000000001,0,-1.9300000000000002,0,0,0,0.0,0
7.846,-0.7000000000000001,0,-1.9300000000000002,0,0,0,0.0,0
7.847,-0.7000000000000001,0,-1.9300000000000002,0,0,0,0.0,0
7.847,-0.7000000000000001,0,-1.9300000000000002,0,0,0,0.0,0
7.848,-0.7000000000000001,0,-2.1,0,0,0,0.0,0
7.848,-0.7000000000000001,0,-2.1,0,0,0,0.0,0
7.849,-0.7000000000000001,0,-2.1,0,0,0,0.0,0
7.854,-0.7000000000000001,0,-2.1,0,0,0,0.0,0
7.856,-0.7000000000000001,0,-2.1,0,0,0,0.0,0
7.858,-0.7000000000000001,0,-2.1,0,0,0,0.0,0
7.86,-0.7000000000000001,0,-2.1,0,0,0,0.0,0
7.863,-0.7000000000000001,0,-2.1,0,0,0,0.0,0
7.866,-0.7000000000000001,0,-2.1,0,0,0,0.0,0
7.868,-0.7000000000000001,0,-2.1,0,0,0,0.0,0
7.871,-0.7000000000000001,0,-2.1,0,0,0,0.0,0
7.874,-0.7000000000000001,0,-2.1,0,0,0,0.0,0
7.876,-0.7000000000000001,0,-2.1,0,0,0,0.0,0
7.886,-0.7000000000000001,0,-2.1,0,0,0,0.0,0
7.895,-0.7000000000000001,0,-2.2800000000000002,0,0,0,0.0,0
7.897,-0.7000000000000001,0,-2.2800000000000002,0,0,0,0.0,0
7.901,-0.7000000000000001,0,-2.2800000000000002,0,0,0,0.0,0
7.902,-0.7000000000000001,0,-2.46,0,0,0,0.0,0
7.903,-0.7000000000000001,0,-2.46,0,0,0,0.0,0
7.904,-0.7000000000000001,0,-2.46,0,0,0,0.0,0
7.905,-0.7000000000000001,0,-2.46,0,0,0,0.0,0
7.905,-0.7000000000000001,0,-2.46,0,0,0,0.0,0
7.906,-0.7000000000000001,0,-2.46,0,0,0,0.0,0
7.907,-0.7000000000000001,0,-2.46,0,0,0,0.0,0
7.908,-0.7000000000000001,0,-2.46,0,0,0,0.0,0
7.909,-0.7000000000000001,0,-2.46,0,0,0,0.0,0
7.91,-0.7000000000000001,0,-2.46,0,0,0,0.0,0
7.91,-0.7000000000000001,0,-2.46,0,0,0,0.0,0
7.911,-0.7000000000000001,0,-2.46,0,0,0,0.0,0
7.912,-0.7000000000000001,0,-2.46,0,0,0,0.0,0
7.913,-0.7000000000000001,0,-2.46,0,0,0,0.0,0
7.914,-0.7000000000000001,0,-2.46,0,0,0,0.0,0
7.915,-0.7000000000000001,0,-2.46,0,0,0,0.0,0
7.916,-0.7000000000000001,0,-2.46,0,0,0,0.0,0
7.917,-0.7000000000000001,0,-2.46,0,0,0,0.0,0
7.917,-0.7000000000000001,0,-2.46,0,0,0,0.0,0
7.918,-0.7000000000000001,0,-2.46,0,0,0,0.0,0
7.919,-0.7000000000000001,0,-2.46,0,0,0,0.0,0
7.92,-0.7000000000000001,0,-2.46,0,0,0,0.0,0
7.92,-0.7000000000000001,0,-2.46,0,0,0,0.0,0
7.921,-0.7000000000000001,0,-2.46,0,0,0,0.0,0
7.922,-0.7000000000000001,0,-2.46,0,0,0,0.0,0
7.922,-0.7000000000000001,0,-2.63,0,0,0,0.0,0
7.923,-0.7000000000000001,0,-2.63,0,0,0,0.0,0
7.924,-0.7000000000000001,0,-2.63,0,0,0,0.0,0
7.924,-0.7000000000000001,0,-2.63,0,0,0,0.0,0
7.925,-0.7000000000000001,0,-2.63,0,0,0,0.0,0
7.925,-0.7000000000000001,0,-2.63,0,0,0,0.0,0
7.926,-0.7000000000000001,0,-2.63,0,0,0,0.0,0
7.927,-0.7000000000000001,0,-2.63,0,0,0,0.0,0
7.928,-0.7000000000000001,0,-2.63,0,0,0,0.0,0
7.929,-0.7000000000000001,0,-2.63,0,0,0,0.0,0
7.93,-0.7000000000000001,0,-2.63,0,0,0,0.0,0
7.931,-0.7000000000000001,0,-2.63,0,0,0,0.0,0
7.932,-0.7000000000000001,0,-2.63,0,0,0,0.0,0
7.932,-0.7000000000000001,0,-2.63,0,0,0,0.0,0
7.933,-0.7000000000000001,0,-2.63,0,0,0,0.0,0
7.934,-0.7000000000000001,0,-2.63,0,0,0,0.0,0
7.934,-0.7000000000000001,0,-2.63,0,0,0,0.0,0
7.935,-0.7000000000000001,0,-2.63,0,0,0,0.0,0
7.936,-0.7000000000000001,0,-2.63,0,0,0,0.0,0
7.936,-0.7000000000000001,0,-2.63,0,0,0,0.0,0
7.937,-0.7000000000000001,0,-2.63,0,0,0,0.0,0
7.937,-0.7000000000000001,0,-2.63,0,0,0,0.0,0
7.939,-0.7000000000000001,0,-2.63,0,0,0,0.0,0
7.939,-0.7000000000000001,0,-2.63,0,0,0,0.0,0
7.94,-0.7000000000000001,0,-2.63,0,0,0,0.0,0
7.941,-0.7000000000000001,0,-2.63,0,0,0,0.0,0
7.941,-0.7000000000000001,0,-2.63,0,0,0,0.0,0
7.942,-0.7000000000000001,0,-2.63,0,0,0,0.0,0
7.942,-0.7000000000000001,0,-2.63,0,0,0,0.0,0
7.943,-0.7000000000000001,0,-2.63,0,0,0,0.0,0
7.944,-0.7000000000000001,0,-2.63,0,0,0,0.0,0
7.944,-0.7000000000000001,0,-2.63,0,0,0,0.0,0
7.944,-0.7000000000000001,0,-2.63,0,0,0,0.0,0
7.944,-0.7000000000000001,0,-2.63,0,0,0,0.0,0
7.946,-0.7000000000000001,0,-2.63,0,0,0,0.0,0
7.947,-0.7000000000000001,0,-2.63,0,0,0,0.0,0
7.947,-0.7000000000000001,0,-2.63,0,0,0,0.0,0
7.948,-0.7000000000000001,0,-2.63,0,0,0,0.0,0
7.948,-0.7000000000000001,0,-2.63,0,0,0,0.0,0
7.949,-0.7000000000000001,0,-2.63,0,0,0,0.0,0
7.95,-0.7000000000000001,0,-2.63,0,0,0,0.0,0
7.95,-0.7000000000000001,0,-2.63,0,0,0,0.0,0
7.951,-0.7000000000000001,0,-2.63,0,0,0,0.0,0
7.951,-0.7000000000000001,0,-2.63,0,0,0,0.0,0
7.952,-0.7000000000000001,0,-2.81,0,0,0,0.0,0
7.952,-0.7000000000000001,0,-2.81,0,0,0,0.0,0
7.953,-0.7000000000000001,0,-2.81,0,0,0,0.0,0
7.953,-0.7000000000000001,0,-2.81,0,0,0,0.0,0
7.954,-0.7000000000000001,0,-2.81,0,0,0,0.0,0
7.955,-0.7000000000000001,0,-2.81,0,0,0,0.0,0
7.955,-0.7000000000000001,0,-2.81,0,0,0,0.0,0
7.956,-0.7000000000000001,0,-2.81,0,0,0,0.0,0
7.956,-0.7000000000000001,0,-2.81,0,0,0,0.0,0
7.957,-0.7000000000000001,0,-2.81,0,0,0,0.0,0
7.957,-0.7000000000000001,0,-2.81,0,0,0,0.0,0
7.958,-0.7000000000000001,0,-2.81,0,0,0,0.0,0
7.959,-0.7000000000000001,0,-2.81,0,0,0,0.0,0
7.959,-0.7000000000000001,0,-2.81,0,0,0,0.0,0
7.961,-0.7000000000000001,0,-2.81,0,0,0,0.0,0
7.968,-0.7000000000000001,0,-2.81,0,0,0,0.0,0
7.972,-0.7000000000000001,0,-2.81,0,0,0,0.0,0
7.975,-0.7000000000000001,0,-2.81,0,0,0,0.0,0
7.981,-0.7000000000000001,0,-2.98,0,0,0,0.0,0
7.991,-0.7000000000000001,0,-2.98,0,0,0,0.0,0
7.996,-0.7000000000000001,0,-2.98,0,0,0,0.0,0
8.0,-0.7000000000000001,0,-3.16,0,0,0,0.0,0
8.008,-0.7000000000000001,0,-3.16,0,0,0,0.0,0
8.022,-0.7000000000000001,0,-3.16,0,0,0,0.0,0
8.031,-0.7000000000000001,0,-3.16,0,0,0,0.0,0
8.037,-0.7000000000000001,0,-3.16,0,0,0,0.0,0
8.038,-0.7000000000000001,0,-3.33,0,0,0,0.0,0
8.039,-0.7000000000000001,0,-3.33,0,0,0,0.0,0
8.04,-0.7000000000000001,0,-3.33,0,0,0,0.0,0
8.041,-0.7000000000000001,0,-3.33,0,0,0,0.0,0
8.042,-0.7000000000000001,0,-3.33,0,0,0,0.0,0
8.043,-0.7000000000000001,0,-3.33,0,0,0,0.0,0
8.044,-0.7000000000000001,0,-3.33,0,0,0,0.0,0
8.044,-0.7000000000000001,0,-3.33,0,0,0,0.0,0
8.046,-0.7000000000000001,0,-3.33,0,0,0,0.0,0
8.046,-0.7000000000000001,0,-3.33,0,0,0,0.0,0
8.047,-0.7000000000000001,0,-3.33,0,0,0,0.0,0
8.049,-0.7000000000000001,0,-3.33,0,0,0,0.0,0
8.05,-0.7000000000000001,0,-3.33,0,0,0,0.0,0
8.051,-0.7000000000000001,0,-3.33,0,0,0,0.0,0
8.052,-0.7000000000000001,0,-3.33,0,0,0,0.0,0
8.053,-0.7000000000000001,0,-3.33,0,0,0,0.0,0
8.054,-0.7000000000000001,0,-3.33,0,0,0,0.0,0
8.055,-0.7000000000000001,0,-3.33,0,0,0,0.0,0
8.056,-0.7000000000000001,0,-3.33,0,0,0,0.0,0
8.057,-0.7000000000000001,0,-3.33,0,0,0,0.0,0
8.058,-0.7000000000000001,0,-3.33,0,0,0,0.0,0
8.059,-0.7000000000000001,0,-3.33,0,0,0,0.0,0
8.06,-0.7000000000000001,0,-3.33,0,0,0,0.0,0
8.061,-0.7000000000000001,0,-3.33,0,0,0,0.0,0
8.062,-0.7000000000000001,0,-3.33,0,0,0,0.0,0
8.063,-0.7000000000000001,0,-3.33,0,0,0,0.0,0
8.064,-0.7000000000000001,0,-3.33,0,0,0,0.0,0
8.065,-0.7000000000000001,0,-3.33,0,0,0,0.0,0
8.067,-0.7000000000000001,0,-3.33,0,0,0,0.0,0
8.068,-0.7000000000000001,0,-3.33,0,0,0,0.0,0
8.069,-0.7000000000000001,0,-3.33,0,0,0,0.0,0
8.07,-0.7000000000000001,0,-3.33,0,0,0,0.0,0
8.071,-0.7000000000000001,0,-3.33,0,0,0,0.0,0
8.082,-0.7000000000000001,0,-3.33,0,0,0,0.0,0
8.093,-0.7000000000000001,0,-3.33,0,0,0,0.0,0
8.099,-0.7000000000000001,0,-3.33,0,0,0,0.0,0
8.105,-0.7000000000000001,0,-3.33,0,0,0,0.0,0
8.114,-0.7000000000000001,0,-3.33,0,0,0,0.0,0
8.123,-0.7000000000000001,0,-3.33,0,0,0,0.0,0
8.137,-0.7000000000000001,0,-3.33,0,0,0,0.0,0
8.141,-0.7000000000000001,0,-3.33,0,0,0,0.0,0
8.142,-0.7000000000000001,0,-3.33,0,0,0,0.0,0
8.143,-0.7000000000000001,0,-3.16,0,0,0,0.0,0
8.144,-0.7000000000000001,0,-3.16,0,0,0,0.0,0
8.146,-0.7000000000000001,0,-3.16,0,0,0,0.0,0
8.146,-0.7000000000000001,0,-3.16,0,0,0,0.0,0
8.147,-0.7000000000000001,0,-3.16,0,0,0,0.0,0
8.148,-0.7000000000000001,0,-3.16,0,0,0,0.0,0
8.149,-0.7000000000000001,0,-3.16,0,0,0,0.0,0
8.15,-0.7000000000000001,0,-3.16,0,0,0,0.0,0
8.151,-0.7000000000000001,0,-3.16,0,0,0,0.0,0
8.151,-0.7000000000000001,0,-3.16,0,0,0,0.0,0
8.153,-0.7000000000000001,0,-3.16,0,0,0,0.0,0
8.154,-0.7000000000000001,0,-3.16,0,0,0,0.0,0
8.155,-0.7000000000000001,0,-3.16,0,0,0,0.0,0
8.156,-0.7000000000000001,0,-3.16,0,0,0,0.0,0
8.157,-0.7000000000000001,0,-3.16,0,0,0,0.0,0
8.158,-0.7000000000000001,0,-3.16,0,0,0,0.0,0
8.159,-0.7000000000000001,0,-3.16,0,0,0,0.0,0
8.16,-0.7000000000000001,0,-3.16,0,0,0,0.0,0
8.161,-0.7000000000000001,0,-3.16,0,0,0,0.0,0
8.162,-0.7000000000000001,0,-3.16,0,0,0,0.0,0
8.163,-0.7000000000000001,0,-3.16,0,0,0,0.0,0
8.164,-0.7000000000000001,0,-3.16,0,0,0,0.0,0
8.165,-0.7000000000000001,0,-3.16,0,0,0,0.0,0
8.166,-0.7000000000000001,0,-3.16,0,0,0,0.0,0
8.167,-0.7000000000000001,0,-3.16,0,0,0,0.0,0
8.168,-0.7000000000000001,0,-3.16,0,0,0,0.0,0
8.169,-0.7000000000000001,0,-3.16,0,0,0,0.0,0
8.171,-0.7000000000000001,0,-3.16,0,0,0,0.0,0
8.172,-0.7000000000000001,0,-3.16,0,0,0,0.0,0
8.173,-0.7000000000000001,0,-2.98,0,0,0,0.0,0
8.174,-0.7000000000000001,0,-2.98,0,0,0,0.0,0
8.175,-0.7000000000000001,0,-2.98,0,0,0,0.0,0
8.176,-0.7000000000000001,0,-2.98,0,0,0,0.0,0
8.177,-0.7000000000000001,0,-2.98,0,0,0,0.0,0
8.178,-0.7000000000000001,0,-2.98,0,0,0,0.0,0
8.181,-0.7000000000000001,0,-2.98,0,0,0,0.0,0
8.193,-0.7000000000000001,0,-2.98,0,0,0,0.0,0
8.199,-0.7000000000000001,0,-2.98,0,0,0,0.0,0
8.201,-0.7000000000000001,0,-2.81,0,0,0,0.0,0
8.21,-0.7000000000000001,0,-2.81,0,0,0,0.0,0
8.215,-0.7000000000000001,0,-2.81,0,0,0,0.0,0
8.219,-0.7000000000000001,0,-2.81,0,0,0,0.0,0
8.222,-0.7000000000000001,0,-2.63,0,0,0,0.0,0
8.342,-0.7000000000000001,0,-2.63,0,0,0,0.0,0
8.343,-0.7000000000000001,0,-2.1,0,0,0,0.0,0
8.344,-0.7000000000000001,0,-2.1,0,0,0,0.0,0
8.345,-0.7000000000000001,0,-2.1,0,0,0,0.0,0
8.346,-0.7000000000000001,0,-2.1,0,0,0,0.0,0
8.348,-0.7000000000000001,0,-2.1,0,0,0,0.0,0
8.349,-0.7000000000000001,0,-2.1,0,0,0,0.0,0
8.35,-0.7000000000000001,0,-2.1,0,0,0,0.0,0
8.351,-0.7000000000000001,0,-2.1,0,0,0,0.0,0
8.352,-0.7000000000000001,0,-2.1,0,0,0,0.0,0
8.354,-0.7000000000000001,0,-2.1,0,0,0,0.0,0
8.355,-0.7000000000000001,0,-2.1,0,0,0,0.0,0
8.356,-0.7000000000000001,0,-2.1,0,0,0,0.0,0
8.357,-0.7000000000000001,0,-2.1,0,0,0,0.0,0
8.358,-0.7000000000000001,0,-2.1,0,0,0,0.0,0
8.359,-0.7000000000000001,0,-2.1,0,0,0,0.0,0
8.36,-0.7000000000000001,0,-2.1,0,0,0,0.0,0
8.361,-0.7000000000000001,0,-2.1,0,0,0,0.0,0
8.362,-0.7000000000000001,0,-2.1,0,0,0,0.0,0
8.364,-0.7000000000000001,0,-2.1,0,0,0,0.0,0
8.365,-0.7000000000000001,0,-2.1,0,0,0,0.0,0
8.366,-0.7000000000000001,0,-2.1,0,0,0,0.0,0
8.367,-0.7000000000000001,0,-2.1,0,0,0,0.0,0
8.368,-0.7000000000000001,0,-2.1,0,0,0,0.0,0
8.369,-0.7000000000000001,0,-2.1,0,0,0,0.0,0
8.37,-0.7000000000000001,0,-2.1,0,0,0,0.0,0
8.371,-0.7000000000000001,0,-2.1,0,0,0,0.0,0
8.372,-0.7000000000000001,0,-2.1,0,0,0,0.0,0
8.373,-0.7000000000000001,0,-2.1,0,0,0,0.0,0
8.374,-0.7000000000000001,0,-2.1,0,0,0,0.0,0
8.374,-0.7000000000000001,0,-2.1,0,0,0,0.0,0
8.375,-0.7000000000000001,0,-2.1,0,0,0,0.0,0
8.376,-0.7000000000000001,0,-2.1,0,0,0,0.0,0
8.377,-0.7000000000000001,0,-2.1,0,0,0,0.0,0
8.378,-0.7000000000000001,0,-2.1,0,0,0,0.0,0
8.379,-0.7000000000000001,0,-2.1,0,0,0,0.0,0
8.38,-0.7000000000000001,0,-2.1,0,0,0,0.0,0
8.381,-0.7000000000000001,0,-2.1,0,0,0,0.0,0
8.382,-0.7000000000000001,0,-2.1,0,0,0,0.0,0
8.383,-0.7000000000000001,0,-2.1,0,0,0,0.0,0
8.384,-0.7000000000000001,0,-2.1,0,0,0,0.0,0
8.385,-0.7000000000000001,0,-2.1,0,0,0,0.0,0
8.386,-0.7000000000000001,0,-2.1,0,0,0,0.0,0
8.387,-0.7000000000000001,0,-2.1,0,0,0,0.0,0
8.388,-0.7000000000000001,0,-2.1,0,0,0,0.0,0
8.389,-0.7000000000000001,0,-2.1,0,0,0,0.0,0
8.389,-0.7000000000000001,0,-2.1,0,0,0,0.0,0
8.39,-0.7000000000000001,0,-2.1,0,0,0,0.0,0
8.391,-0.7000000000000001,0,-2.1,0,0,0,0.0,0
8.393,-0.7000000000000001,0,-2.1,0,0,0,0.0,0
8.394,-0.7000000000000001,0,-2.1,0,0,0,0.0,0
8.395,-0.7000000000000001,0,-2.1,0,0,0,0.0,0
8.406,-0.7000000000000001,0,-2.1,0,0,0,0.0,0
8.408,-0.7000000000000001,0,-2.1,0,0,0,0.0,0
8.409,-0.7000000000000001,0,-2.1,0,0,0,0.0,0
8.42,-0.7000000000000001,0,-2.1,0,0,0,0.0,0
8.429,-0.7000000000000001,0,-2.1,0,0,0,0.0,0
8.432,-0.7000000000000001,0,-2.1,0,0,0,0.0,0
8.437,-0.7000000000000001,0,-2.2800000000000002,0,0,0,0.0,0
8.44,-0.7000000000000001,0,-2.2800000000000002,0,0,0,0.0,0
8.444,-0.7000000000000001,0,-2.2800000000000002,0,0,0,0.0,0
8.447,-0.7000000000000001,0,-2.2800000000000002,0,0,0,0.0,0
8.449,-0.7000000000000001,0,-2.2800000000000002,0,0,0,0.0,0
8.449,-0.7000000000000001,0,-2.2800000000000002,0,0,0,0.0,0
8.45,-0.7000000000000001,0,-2.2800000000000002,0,0,0,0.0,0
8.452,-0.7000000000000001,0,-2.2800000000000002,0,0,0,0.0,0
8.452,-0.7000000000000001,0,-2.2800000000000002,0,0,0,0.0,0
8.453,-0.7000000000000001,0,-2.2800000000000002,0,0,0,0.0,0
8.454,-0.7000000000000001,0,-2.2800000000000002,0,0,0,0.0,0
8.455,-0.7000000000000001,0,-2.2800000000000002,0,0,0,0.0,0
8.455,-0.7000000000000001,0,-2.2800000000000002,0,0,0,0.0,0
8.456,-0.7000000000000001,0,-2.2800000000000002,0,0,0,0.0,0
8.457,-0.7000000000000001,0,-2.2800000000000002,0,0,0,0.0,0
8.458,-0.7000000000000001,0,-2.2800000000000002,0,0,0,0.0,0
8.459,-0.7000000000000001,0,-2.2800000000000002,0,0,0,0.0,0
8.46,-0.7000000000000001,0,-2.2800000000000002,0,0,0,0.0,0
8.461,-0.7000000000000001,0,-2.46,0,0,0,0.0,0
8.462,-0.7000000000000001,0,-2.46,0,0,0,0.0,0
8.463,-0.7000000000000001,0,-2.46,0,0,0,0.0,0
8.464,-0.7000000000000001,0,-2.46,0,0,0,0.0,0
8.465,-0.7000000000000001,0,-2.46,0,0,0,0.0,0
8.466,-0.7000000000000001,0,-2.46,0,0,0,0.0,0
8.467,-0.7000000000000001,0,-2.46,0,0,0,0.0,0
8.468,-0.7000000000000001,0,-2.46,0,0,0,0.0,0
8.469,-0.7000000000000001,0,-2.46,0,0,0,0.0,0
8.47,-0.7000000000000001,0,-2.46,0,0,0,0.0,0
8.471,-0.7000000000000001,0,-2.46,0,0,0,0.0,0
8.472,-0.7000000000000001,0,-2.46,0,0,0,0.0,0
8.473,-0.7000000000000001,0,-2.46,0,0,0,0.0,0
8.473,-0.7000000000000001,0,-2.46,0,0,0,0.0,0
8.474,-0.7000000000000001,0,-2.46,0,0,0,0.0,0
8.475,-0.7000000000000001,0,-2.46,0,0,0,0.0,0
8.476,-0.7000000000000001,0,-2.46,0,0,0,0.0,0
8.477,-0.7000000000000001,0,-2.46,0,0,0,0.0,0
8.478,-0.7000000000000001,0,-2.46,0,0,0,0.0,0
8.479,-0.7000000000000001,0,-2.46,0,0,0,0.0,0
8.48,-0.7000000000000001,0,-2.46,0,0,0,0.0,0
8.481,-0.7000000000000001,0,-2.46,0,0,0,0.0,0
8.482,-0.7000000000000001,0,-2.46,0,0,0,0.0,0
8.482,-0.7000000000000001,0,-2.46,0,0,0,0.0,0
8.483,-0.7000000000000001,0,-2.46,0,0,0,0.0,0
8.485,-0.7000000000000001,0,-2.46,0,0,0,0.0,0
8.485,-0.7000000000000001,0,-2.46,0,0,0,0.0,0
8.487,-0.7000000000000001,0,-2.63,0,0,0,0.0,0
8.488,-0.7000000000000001,0,-2.63,0,0,0,0.0,0
8.489,-0.7000000000000001,0,-2.63,0,0,0,0.0,0
8.49,-0.7000000000000001,0,-2.63,0,0,0,0.0,0
8.491,-0.7000000000000001,0,-2.63,0,0,0,0.0,0
8.492,-0.7000000000000001,0,-2.63,0,0,0,0.0,0
8.492,-0.7000000000000001,0,-2.63,0,0,0,0.0,0
8.494,-0.7000000000000001,0,-2.63,0,0,0,0.0,0
8.495,-0.7000000000000001,0,-2.63,0,0,0,0.0,0
8.496,-0.7000000000000001,0,-2.63,0,0,0,0.0,0
8.497,-0.7000000000000001,0,-2.63,0,0,0,0.0,0
8.498,-0.7000000000000001,0,-2.63,0,0,0,0.0,0
8.499,-0.7000000000000001,0,-2.63,0,0,0,0.0,0
8.5,-0.7000000000000001,0,-2.63,0,0,0,0.0,0
8.501,-0.7000000000000001,0,-2.63,0,0,0,0.0,0
8.502,-0.7000000000000001,0,-2.63,0,0,0,0.0,0
8.513,-0.7000000000000001,0,-2.63,0,0,0,0.0,0
8.518,-0.7000000000000001,0,-2.63,0,0,0,0.0,0
8.53,-0.7000000000000001,0,-2.63,0,0,0,0.0,0
8.534,-0.7000000000000001,0,-2.63,0,0,0,0.0,0
8.536,-0.7000000000000001,0,-2.81,0,0,0,0.0,0
8.547,-0.7000000000000001,0,-2.81,0,0,0,0.0,0
8.558,-0.7000000000000001,0,-2.81,0,0,0,0.0,0
8.562,-0.7000000000000001,0,-2.98,0,0,0,0.0,0
8.564,-0.7000000000000001,0,-2.98,0,0,0,0.0,0
8.565,-0.7000000000000001,0,-2.98,0,0,0,0.0,0
8.566,-0.7000000000000001,0,-2.98,0,0,0,0.0,0
8.567,-0.7000000000000001,0,-2.98,0,0,0,0.0,0
8.567,-0.7000000000000001,0,-2.98,0,0,0,0.0,0
8.568,-0.7000000000000001,0,-2.98,0,0,0,0.0,0
8.568,-0.7000000000000001,0,-2.98,0,0,0,0.0,0
8.569,-0.7000000000000001,0,-2.98,0,0,0,0.0,0
8.57,-0.7000000000000001,0,-2.98,0,0,0,0.0,0
8.57,-0.7000000000000001,0,-2.98,0,0,0,0.0,0
8.57,-0.7000000000000001,0,-2.98,0,0,0,0.0,0
8.571,-0.7000000000000001,0,-2.98,0,0,0,0.0,0
8.572,-0.7000000000000001,0,-2.98,0,0,0,0.0,0
8.572,-0.7000000000000001,0,-2.98,0,0,0,0.0,0
8.573,-0.7000000000000001,0,-2.98,0,0,0,0.0,0
8.573,-0.7000000000000001,0,-2.98,0,0,0,0.0,0
8.574,-0.7000000000000001,0,-2.98,0,0,0,0.0,0
8.574,-0.7000000000000001,0,-2.98,0,0,0,0.0,0
8.575,-0.7000000000000001,0,-3.16,0,0,0,0.0,0
8.575,-0.7000000000000001,0,-3.16,0,0,0,0.0,0
8.576,-0.7000000000000001,0,-3.16,0,0,0,0.0,0
8.577,-0.7000000000000001,0,-3.16,0,0,0,0.0,0
8.578,-0.7000000000000001,0,-3.16,0,0,0,0.0,0
8.579,-0.7000000000000001,0,-3.16,0,0,0,0.0,0
8.579,-0.7000000000000001,0,-3.16,0,0,0,0.0,0
8.58,-0.7000000000000001,0,-3.16,0,0,0,0.0,0
8.581,-0.7000000000000001,0,-3.16,0,0,0,0.0,0
8.581,-0.7000000000000001,0,-3.16,0,0,0,0.0,0
8.582,-0.7000000000000001,0,-3.16,0,0,0,0.0,0
8.583,-0.7000000000000001,0,-3.16,0,0,0,0.0,0
8.584,-0.7000000000000001,0,-3.16,0,0,0,0.0,0
8.584,-0.7000000000000001,0,-3.16,0,0,0,0.0,0
8.585,-0.7000000000000001,0,-3.16,0,0,0,0.0,0
8.586,-0.7000000000000001,0,-3.16,0,0,0,0.0,0
8.588,-0.7000000000000001,0,-3.16,0,0,0,0.0,0
8.589,-0.7000000000000001,0,-3.16,0,0,0,0.0,0
8.59,-0.7000000000000001,0,-3.16,0,0,0,0.0,0
8.591,-0.7000000000000001,0,-3.16,0,0,0,0.0,0
8.592,-0.7000000000000001,0,-3.16,0,0,0,0.0,0
8.593,-0.7000000000000001,0,-3.16,0,0,0,0.0,0
8.594,-0.7000000000000001,0,-3.16,0,0,0,0.0,0
8.595,-0.7000000000000001,0,-3.16,0,0,0,0.0,0
8.596,-0.7000000000000001,0,-3.16,0,0,0,0.0,0
8.597,-0.7000000000000001,0,-3.16,0,0,0,0.0,0
8.598,-0.7000000000000001,0,-3.16,0,0,0,0.0,0
8.599,-0.7000000000000001,0,-3.16,0,0,0,0.0,0
8.599,-0.7000000000000001,0,-3.16,0,0,0,0.0,0
8.6,-0.7000000000000001,0,-3.16,0,0,0,0.0,0
8.601,-0.7000000000000001,0,-3.16,0,0,0,0.0,0
8.601,-0.7000000000000001,0,-3.16,0,0,0,0.0,0
8.602,-0.7000000000000001,0,-3.16,0,0,0,0.0,0
8.602,-0.7000000000000001,0,-3.16,0,0,0,0.0,0
8.603,-0.7000000000000001,0,-3.16,0,0,0,0.0,0
8.604,-0.7000000000000001,0,-3.16,0,0,0,0.0,0
8.606,-0.7000000000000001,0,-3.16,0,0,0,0.0,0
8.607,-0.7000000000000001,0,-3.16,0,0,0,0.0,0
8.609,-0.7000000000000001,0,-3.16,0,0,0,0.0,0
8.61,-0.7000000000000001,0,-3.16,0,0,0,0.0,0
8.622,-0.7000000000000001,0,-3.16,0,0,0,0.0,0
8.627,-0.7000000000000001,0,-3.16,0,0,0,0.0,0
8.631,-0.7000000000000001,0,-3.33,0,0,0,0.0,0
8.635,-0.7000000000000001,0,-3.33,0,0,0,0.0,0
8.64,-0.7000000000000001,0,-3.33,0,0,0,0.0,0
8.643,-0.7000000000000001,0,-3.33,0,0,0,0.0,0
8.647,-0.7000000000000001,0,-3.33,0,0,0,0.0,0
8.659,-0.7000000000000001,0,-3.33,0,0,0,0.0,0
8.662,-0.7000000000000001,0,-3.33,0,0,0,0.0,0
8.662,-0.7000000000000001,0,-3.33,0,0,0,0.0,0
8.663,-0.7000000000000001,0,-3.33,0,0,0,0.0,0
8.664,-0.7000000000000001,0,-3.33,0,0,0,0.0,0
8.665,-0.7000000000000001,0,-3.33,0,0,0,0.0,0
8.665,-0.7000000000000001,0,-3.33,0,0,0,0.0,0
8.667,-0.7000000000000001,0,-3.33,0,0,0,0.0,0
8.668,-0.7000000000000001,0,-3.33,0,0,0,0.0,0
8.668,-0.7000000000000001,0,-3.33,0,0,0,0.0,0
8.669,-0.7000000000000001,0,-3.33,0,0,0,0.0,0
8.669,-0.7000000000000001,0,-3.33,0,0,0,0.0,0
8.671,-0.7000000000000001,0,-3.33,0,0,0,0.0,0
8.671,-0.7000000000000001,0,-3.33,0,0,0,0.0,0
8.672,-0.7000000000000001,0,-3.33,0,0,0,0.0,0
8.673,-0.7000000000000001,0,-3.33,0,0,0,0.0,0
8.673,-0.7000000000000001,0,-3.33,0,0,0,0.0,0
8.674,-0.7000000000000001,0,-3.33,0,0,0,0.0,0
8.675,-0.7000000000000001,0,-3.33,0,0,0,0.0,0
8.675,-0.7000000000000001,0,-3.33,0,0,0,0.0,0
8.676,-0.7000000000000001,0,-3.33,0,0,0,0.0,0
8.676,-0.7000000000000001,0,-3.33,0,0,0,0.0,0
8.677,-0.7000000000000001,0,-3.33,0,0,0,0.0,0
8.678,-0.7000000000000001,0,-3.33,0,0,0,0.0,0
8.678,-0.7000000000000001,0,-3.33,0,0,0,0.0,0
8.68,-0.7000000000000001,0,-3.33,0,0,0,0.0,0
8.68,-0.7000000000000001,0,-3.33,0,0,0,0.0,0
8.681,-0.7000000000000001,0,-3.33,0,0,0,0.0,0
8.681,-0.7000000000000001,0,-3.33,0,0,0,0.0,0
8.681,-0.7000000000000001,0,-3.33,0,0,0,0.0,0
8.682,-0.7000000000000001,0,-3.33,0,0,0,0.0,0
8.682,-0.7000000000000001,0,-3.33,0,0,0,0.0,0
8.683,-0.7000000000000001,0,-3.33,0,0,0,0.0,0
8.683,-0.7000000000000001,0,-3.33,0,0,0,0.0,0
8.685,-0.7000000000000001,0,-3.33,0,0,0,0.0,0
8.685,-0.7000000000000001,0,-3.33,0,0,0,0.0,0
8.686,-0.7000000000000001,0,-3.33,0,0,0,0.0,0
8.686,-0.7000000000000001,0,-3.33,0,0,0,0.0,0
8.687,-0.7000000000000001,0,-3.33,0,0,0,0.0,0
8.687,-0.7000000000000001,0,-3.33,0,0,0,0.0,0
8.688,-0.7000000000000001,0,-3.33,0,0,0,0.0,0
8.689,-0.7000000000000001,0,-3.33,0,0,0,0.0,0
8.689,-0.7000000000000001,0,-3.33,0,0,0,0.0,0
8.69,-0.7000000000000001,0,-3.33,0,0,0,0.0,0
8.691,-0.7000000000000001,0,-3.16,0,0,0,0.0,0
8.692,-0.7000000000000001,0,-3.16,0,0,0,0.0,0
8.692,-0.7000000000000001,0,-3.16,0,0,0,0.0,0
8.693,-0.7000000000000001,0,-3.16,0,0,0,0.0,0
8.694,-0.7000000000000001,0,-3.16,0,0,0,0.0,0
8.695,-0.7000000000000001,0,-3.16,0,0,0,0.0,0
8.696,-0.7000000000000001,0,-3.16,0,0,0,0.0,0
8.697,-0.7000000000000001,0,-3.16,0,0,0,0.0,0
8.699,-0.7000000000000001,0,-3.16,0,0,0,0.0,0
8.699,-0.7000000000000001,0,-3.16,0,0,0,0.0,0
8.7,-0.7000000000000001,0,-3.16,0,0,0,0.0,0
8.701,-0.7000000000000001,0,-3.16,0,0,0,0.0,0
8.702,-0.7000000000000001,0,-3.16,0,0,0,0.0,0
8.703,-0.7000000000000001,0,-3.16,0,0,0,0.0,0
8.703,-0.7000000000000001,0,-3.16,0,0,0,0.0,0
8.705,-0.7000000000000001,0,-3.16,0,0,0,0.0,0
8.705,-0.7000000000000001,0,-3.16,0,0,0,0.0,0
8.706,-0.7000000000000001,0,-3.16,0,0,0,0.0,0
8.707,-0.7000000000000001,0,-3.16,0,0,0,0.0,0
8.708,-0.7000000000000001,0,-3.16,0,0,0,0.0,0
8.709,-0.7000000000000001,0,-3.16,0,0,0,0.0,0
8.71,-0.7000000000000001,0,-3.16,0,0,0,0.0,0
8.711,-0.7000000000000001,0,-3.16,0,0,0,0.0,0
8.712,-0.7000000000000001,0,-3.16,0,0,0,0.0,0
8.713,-0.7000000000000001,0,-3.16,0,0,0,0.0,0
8.715,-0.7000000000000001,0,-3.16,0,0,0,0.0,0
8.716,-0.7000000000000001,0,-3.16,0,0,0,0.0,0
8.717,-0.7000000000000001,0,-3.16,0,0,0,0.0,0
8.72,-0.7000000000000001,0,-3.16,0,0,0,0.0,0
8.73,-0.7000000000000001,0,-3.16,0,0,0,0.0,0
8.736,-0.7000000000000001,0,-3.16,0,0,0,0.0,0
8.742,-0.7000000000000001,0,-2.98,0,0,0,0.0,0
8.749,-0.7000000000000001,0,-2.98,0,0,0,0.0,0
8.756,-0.7000000000000001,0,-2.98,0,0,0,0.0,0
8.762,-0.7000000000000001,0,-2.98,0,0,0,0.0,0
8.772,-0.7000000000000001,0,-2.81,0,0,0,0.0,0
8.783,-0.7000000000000001,0,-2.81,0,0,0,0.0,0
8.791,-0.7000000000000001,0,-2.81,0,0,0,0.0,0
8.794,-0.7000000000000001,0,-2.63,0,0,0,0.0,0
8.795,-0.7000000000000001,0,-2.63,0,0,0,0.0,0
8.797,-0.7000000000000001,0,-2.63,0,0,0,0.0,0
8.798,-0.7000000000000001,0,-2.63,0,0,0,0.0,0
8.799,-0.7000000000000001,0,-2.63,0,0,0,0.0,0
8.8,-0.7000000000000001,0,-2.63,0,0,0,0.0,0
8.801,-0.7000000000000001,0,-2.63,0,0,0,0.0,0
8.802,-0.7000000000000001,0,-2.63,0,0,0,0.0,0
8.803,-0.7000000000000001,0,-2.63,0,0,0,0.0,0
8.804,-0.7000000000000001,0,-2.63,0,0,0,0.0,0
8.805,-0.7000000000000001,0,-2.63,0,0,0,0.0,0
8.806,-0.7000000000000001,0,-2.63,0,0,0,0.0,0
8.808,-0.7000000000000001,0,-2.63,0,0,0,0.0,0
8.809,-0.7000000000000001,0,-2.63,0,0,0,0.0,0
8.81,-0.7000000000000001,0,-2.63,0,0,0,0.0,0
8.811,-0.7000000000000001,0,-2.63,0,0,0,0.0,0
8.812,-0.7000000000000001,0,-2.63,0,0,0,0.0,0
8.813,-0.7000000000000001,0,-2.63,0,0,0,0.0,0
8.815,-0.7000000000000001,0,-2.63,0,0,0,0.0,0
8.816,-0.7000000000000001,0,-2.63,0,0,0,0.0,0
8.817,-0.7000000000000001,0,-2.63,0,0,0,0.0,0
8.818,-0.7000000000000001,0,-2.63,0,0,0,0.0,0
8.819,-0.7000000000000001,0,-2.63,0,0,0,0.0,0
8.821,-0.7000000000000001,0,-2.63,0,0,0,0.0,0
8.822,-0.7000000000000001,0,-2.46,0,0,0,0.0,0
8.823,-0.7000000000000001,0,-2.46,0,0,0,0.0,0
8.824,-0.7000000000000001,0,-2.46,0,0,0,0.0,0
8.825,-0.7000000000000001,0,-2.46,0,0,0,0.0,0
8.826,-0.7000000000000001,0,-2.46,0,0,0,0.0,0
8.827,-0.7000000000000001,0,-2.46,0,0,0,0.0,0
8.828,-0.7000000000000001,0,-2.46,0,0,0,0.0,0
8.84,-0.7000000000000001,0,-2.46,0,0,0,0.0,0
8.852,-0.7000000000000001,0,-2.46,0,0,0,0.0,0
8.863,-0.7000000000000001,0,-2.46,0,0,0,0.0,0
8.873,-0.7000000000000001,0,-2.2800000000000002,0,0,0,0.0,0
8.891,-0.7000000000000001,0,-2.2800000000000002,0,0,0,0.0,0
8.9,-0.7000000000000001,0,-2.2800000000000002,0,0,0,0.0,0
8.903,-0.7000000000000001,0,-2.1,0,0,0,0.0,0
8.904,-0.7000000000000001,0,-2.1,0,0,0,0.0,0
8.905,-0.7000000000000001,0,-2.1,0,0,0,0.0,0
8.906,-0.7000000000000001,0,-2.1,0,0,0,0.0,0
8.907,-0.7000000000000001,0,-2.1,0,0,0,0.0,0
8.909,-0.7000000000000001,0,-2.1,0,0,0,0.0,0
8.91,-0.7000000000000001,0,-2.1,0,0,0,0.0,0
8.911,-0.7000000000000001,0,-2.1,0,0,0,0.0,0
8.912,-0.7000000000000001,0,-2.1,0,0,0,0.0,0
8.913,-0.7000000000000001,0,-2.1,0,0,0,0.0,0
8.915,-0.7000000000000001,0,-2.1,0,0,0,0.0,0
8.917,-0.7000000000000001,0,-2.1,0,0,0,0.0,0
8.918,-0.7000000000000001,0,-2.1,0,0,0,0.0,0
8.918,-0.7000000000000001,0,-2.1,0,0,0,0.0,0
8.919,-0.7000000000000001,0,-2.1,0,0,0,0.0,0
8.92,-0.7000000000000001,0,-2.1,0,0,0,0.0,0
8.922,-0.7000000000000001,0,-2.1,0,0,0,0.0,0
8.923,-0.7000000000000001,0,-2.1,0,0,0,0.0,0
8.924,-0.7000000000000001,0,-2.1,0,0,0,0.0,0
8.925,-0.7000000000000001,0,-2.1,0,0,0,0.0,0
8.926,-0.7000000000000001,0,-2.1,0,0,0,0.0,0
8.928,-0.7000000000000001,0,-2.1,0,0,0,0.0,0
8.928,-0.7000000000000001,0,-2.1,0,0,0,0.0,0
8.93,-0.7000000000000001,0,-2.1,0,0,0,0.0,0
8.931,-0.7000000000000001,0,-2.1,0,0,0,0.0,0
8.932,-0.7000000000000001,0,-2.1,0,0,0,0.0,0
8.933,-0.7000000000000001,0,-2.1,0,0,0,0.0,0
8.934,-0.7000000000000001,0,-2.1,0,0,0,0.0,0
8.936,-0.7000000000000001,0,-2.1,0,0,0,0.0,0
8.945,-0.7000000000000001,0,-2.1,0,0,0,0.0,0
8.958,-0.7000000000000001,0,-2.1,0,0,0,0.0,0
8.964,-0.7000000000000001,0,-2.1,0,0,0,0.0,0
8.973,-0.7000000000000001,0,-2.1,0,0,0,0.0,0
8.978,-0.7000000000000001,0,-2.1,0,0,0,0.0,0
8.989,-0.7000000000000001,0,-2.1,0,0,0,0.0,0
8.997,-0.7000000000000001,0,-2.2800000000000002,0,0,0,0.0,0
9.007,-0.7000000000000001,0,-2.2800000000000002,0,0,0,0.0,0
9.014,-0.7000000000000001,0,-2.2800000000000002,0,0,0,0.0,0
9.015,-0.7000000000000001,0,-2.2800000000000002,0,0,0,0.0,0
9.016,-0.7000000000000001,0,-2.2800000000000002,0,0,0,0.0,0
9.017,-0.7000000000000001,0,-2.2800000000000002,0,0,0,0.0,0
9.018,-0.7000000000000001,0,-2.46,0,0,0,0.0,0
9.019,-0.7000000000000001,0,-2.46,0,0,0,0.0,0
9.02,-0.7000000000000001,0,-2.46,0,0,0,0.0,0
9.02,-0.7000000000000001,0,-2.46,0,0,0,0.0,0
9.022,-0.7000000000000001,0,-2.46,0,0,0,0.0,0
9.022,-0.7000000000000001,0,-2.46,0,0,0,0.0,0
9.023,-0.7000000000000001,0,-2.46,0,0,0,0.0,0
9.024,-0.7000000000000001,0,-2.46,0,0,0,0.0,0
9.025,-0.7000000000000001,0,-2.46,0,0,0,0.0,0
9.027,-0.7000000000000001,0,-2.46,0,0,0,0.0,0
9.027,-0.7000000000000001,0,-2.46,0,0,0,0.0,0
9.028,-0.7000000000000001,0,-2.46,0,0,0,0.0,0
9.03,-0.7000000000000001,0,-2.46,0,0,0,0.0,0
9.03,-0.7000000000000001,0,-2.46,0,0,0,0.0,0
9.032,-0.7000000000000001,0,-2.46,0,0,0,0.0,0
9.033,-0.7000000000000001,0,-2.46,0,0,0,0.0,0
9.034,-0.7000000000000001,0,-2.46,0,0,0,0.0,0
9.035,-0.7000000000000001,0,-2.46,0,0,0,0.0,0
9.037,-0.7000000000000001,0,-2.46,0,0,0,0.0,0
9.038,-0.7000000000000001,0,-2.46,0,0,0,0.0,0
9.039,-0.7000000000000001,0,-2.46,0,0,0,0.0,0
9.041,-0.7000000000000001,0,-2.46,0,0,0,0.0,0
9.042,-0.7000000000000001,0,-2.46,0,0,0,0.0,0
9.044,-0.7000000000000001,0,-2.46,0,0,0,0.0,0
9.045,-0.7000000000000001,0,-2.46,0,0,0,0.0,0
9.047,-0.7000000000000001,0,-2.46,0,0,0,0.0,0
9.048,-0.7000000000000001,0,-2.46,0,0,0,0.0,0
9.05,-0.7000000000000001,0,-2.46,0,0,0,0.0,0
9.051,-0.7000000000000001,0,-2.63,0,0,0,0.0,0
9.052,-0.7000000000000001,0,-2.63,0,0,0,0.0,0
9.053,-0.7000000000000001,0,-2.63,0,0,0,0.0,0
9.054,-0.7000000000000001,0,-2.63,0,0,0,0.0,0
9.056,-0.7000000000000001,0,-2.63,0,0,0,0.0,0
9.057,-0.7000000000000001,0,-2.63,0,0,0,0.0,0
9.058,-0.7000000000000001,0,-2.63,0,0,0,0.0,0
9.072,-0.7000000000000001,0,-2.63,0,0,0,0.0,0
9.081,-0.7000000000000001,0,-2.63,0,0,0,0.0,0
9.094,-0.7000000000000001,0,-2.63,0,0,0,0.0,0
9.1,-0.7000000000000001,0,-2.63,0,0,0,0.0,0
9.111,-0.7000000000000001,0,-2.81,0,0,0,0.0,0
9.128,-0.7000000000000001,0,-2.81,0,0,0,0.0,0
9.135,-0.7000000000000001,0,-2.98,0,0,0,0.0,0
9.136,-0.7000000000000001,0,-2.98,0,0,0,0.0,0
9.137,-0.7000000000000001,0,-2.98,0,0,0,0.0,0
9.139,-0.7000000000000001,0,-2.98,0,0,0,0.0,0
9.14,-0.7000000000000001,0,-2.98,0,0,0,0.0,0
9.141,-0.7000000000000001,0,-2.98,0,0,0,0.0,0
9.142,-0.7000000000000001,0,-2.98,0,0,0,0.0,0
9.143,-0.7000000000000001,0,-2.98,0,0,0,0.0,0
9.144,-0.7000000000000001,0,-2.98,0,0,0,0.0,0
9.146,-0.7000000000000001,0,-2.98,0,0,0,0.0,0
9.147,-0.7000000000000001,0,-2.98,0,0,0,0.0,0
9.148,-0.7000000000000001,0,-2.98,0,0,0,0.0,0
9.149,-0.7000000000000001,0,-2.98,0,0,0,0.0,0
9.151,-0.7000000000000001,0,-2.98,0,0,0,0.0,0
9.152,-0.7000000000000001,0,-2.98,0,0,0,0.0,0
9.17,-0.7000000000000001,0,-2.98,0,0,0,0.0,0
9.177,-0.7000000000000001,0,-3.16,0,0,0,0.0,0
9.188,-0.7000000000000001,0,-3.16,0,0,0,0.0,0
9.194,-0.7000000000000001,0,-3.16,0,0,0,0.0,0
9.2,-0.7000000000000001,0,-3.16,0,0,0,0.0,0
9.21,-0.7000000000000001,0,-3.16,0,0,0,0.0,0
9.263,-0.7000000000000001,0,-3.16,0,0,0,0.0,0
9.269,-0.7000000000000001,0,-3.16,0,0,0,0.0,0
9.273,-0.7000000000000001,0,-3.16,0,0,0,0.0,0
9.289,-0.7000000000000001,0,-3.16,0,0,0,0.0,0
9.3,-0.7000000000000001,0,-3.16,0,0,0,0.0,0
9.303,-0.7000000000000001,0,-2.98,0,0,0,0.0,0
9.309,-0.7000000000000001,0,-2.98,0,0,0,0.0,0
9.316,-0.7000000000000001,0,-2.98,0,0,0,0.0,0
9.327,-0.7000000000000001,0,-2.98,0,0,0,0.0,0
9.333,-0.7000000000000001,0,-2.81,0,0,0,0.0,0
9.339,-0.7000000000000001,0,-2.81,0,0,0,0.0,0
9.346,-0.7000000000000001,0,-2.81,0,0,0,0.0,0
9.349,-0.7000000000000001,0,-2.81,0,0,0,0.0,0
9.35,-0.7000000000000001,0,-2.63,0,0,0,0.0,0
9.351,-0.7000000000000001,0,-2.63,0,0,0,0.0,0
9.353,-0.7000000000000001,0,-2.63,0,0,0,0.0,0
9.354,-0.7000000000000001,0,-2.63,0,0,0,0.0,0
9.355,-0.7000000000000001,0,-2.63,0,0,0,0.0,0
9.356,-0.7000000000000001,0,-2.63,0,0,0,0.0,0
9.357,-0.7000000000000001,0,-2.63,0,0,0,0.0,0
9.357,-0.7000000000000001,0,-2.63,0,0,0,0.0,0
9.358,-0.7000000000000001,0,-2.63,0,0,0,0.0,0
9.359,-0.7000000000000001,0,-2.63,0,0,0,0.0,0
9.36,-0.7000000000000001,0,-2.63,0,0,0,0.0,0
9.361,-0.7000000000000001,0,-2.63,0,0,0,0.0,0
9.362,-0.7000000000000001,0,-2.63,0,0,0,0.0,0
9.363,-0.7000000000000001,0,-2.63,0,0,0,0.0,0
9.364,-0.7000000000000001,0,-2.63,0,0,0,0.0,0
9.365,-0.7000000000000001,0,-2.63,0,0,0,0.0,0
9.366,-0.7000000000000001,0,-2.63,0,0,0,0.0,0
9.367,-0.7000000000000001,0,-2.63,0,0,0,0.0,0
9.368,-0.7000000000000001,0,-2.63,0,0,0,0.0,0
9.369,-0.7000000000000001,0,-2.63,0,0,0,0.0,0
9.37,-0.7000000000000001,0,-2.63,0,0,0,0.0,0
9.371,-0.7000000000000001,0,-2.63,0,0,0,0.0,0
9.372,-0.7000000000000001,0,-2.63,0,0,0,0.0,0
9.373,-0.7000000000000001,0,-2.63,0,0,0,0.0,0
9.375,-0.7000000000000001,0,-2.63,0,0,0,0.0,0
9.376,-0.7000000000000001,0,-2.63,0,0,0,0.0,0
9.377,-0.7000000000000001,0,-2.63,0,0,0,0.0,0
9.378,-0.7000000000000001,0,-2.63,0,0,0,0.0,0
9.379,-0.7000000000000001,0,-2.63,0,0,0,0.0,0
9.38,-0.7000000000000001,0,-2.63,0,0,0,0.0,0
9.381,-0.7000000000000001,0,-2.63,0,0,0,0.0,0
9.382,-0.7000000000000001,0,-2.63,0,0,0,0.0,0
9.383,-0.7000000000000001,0,-2.63,0,0,0,0.0,0
9.384,-0.7000000000000001,0,-2.63,0,0,0,0.0,0
9.397,-0.7000000000000001,0,-2.63,0,0,0,0.0,0
9.4,-0.7000000000000001,0,-2.63,0,0,0,0.0,0
9.403,-0.7000000000000001,0,-2.46,0,0,0,0.0,0
9.407,-0.7000000000000001,0,-2.46,0,0,0,0.0,0
9.411,-0.7000000000000001,0,-2.46,0,0,0,0.0,0
9.413,-0.7000000000000001,0,-2.46,0,0,0,0.0,0
9.42,-0.7000000000000001,0,-2.46,0,0,0,0.0,0
9.426,-0.7000000000000001,0,-2.46,0,0,0,0.0,0
9.436,-0.7000000000000001,0,-2.46,0,0,0,0.0,0
9.439,-0.7000000000000001,0,-2.2800000000000002,0,0,0,0.0,0
9.442,-0.7000000000000001,0,-2.2800000000000002,0,0,0,0.0,0
9.447,-0.7000000000000001,0,-2.2800000000000002,0,0,0,0.0,0
9.448,-0.7000000000000001,0,-2.2800000000000002,0,0,0,0.0,0
9.449,-0.7000000000000001,0,-2.2800000000000002,0,0,0,0.0,0
9.45,-0.7000000000000001,0,-2.2800000000000002,0,0,0,0.0,0
9.451,-0.7000000000000001,0,-2.2800000000000002,0,0,0,0.0,0
9.452,-0.7000000000000001,0,-2.2800000000000002,0,0,0,0.0,0
9.453,-0.7000000000000001,0,-2.2800000000000002,0,0,0,0.0,0
9.455,-0.7000000000000001,0,-2.2800000000000002,0,0,0,0.0,0
9.456,-0.7000000000000001,0,-2.2800000000000002,0,0,0,0.0,0
9.457,-0.7000000000000001,0,-2.2800000000000002,0,0,0,0.0,0
9.458,-0.7000000000000001,0,-2.2800000000000002,0,0,0,0.0,0
9.459,-0.7000000000000001,0,-2.2800000000000002,0,0,0,0.0,0
9.46,-0.7000000000000001,0,-2.2800000000000002,0,0,0,0.0,0
9.461,-0.7000000000000001,0,-2.2800000000000002,0,0,0,0.0,0
9.462,-0.7000000000000001,0,-2.2800000000000002,0,0,0,0.0,0
9.464,-0.7000000000000001,0,-2.2800000000000002,0,0,0,0.0,0
9.465,-0.7000000000000001,0,-2.2800000000000002,0,0,0,0.0,0
9.467,-0.7000000000000001,0,-2.2800000000000002,0,0,0,0.0,0
9.468,-0.7000000000000001,0,-2.2800000000000002,0,0,0,0.0,0
9.469,-0.7000000000000001,0,-2.2800000000000002,0,0,0,0.0,0
9.47,-0.7000000000000001,0,-2.2800000000000002,0,0,0,0.0,0
9.471,-0.7000000000000001,0,-2.2800000000000002,0,0,0,0.0,0
9.472,-0.7000000000000001,0,-2.2800000000000002,0,0,0,0.0,0
9.473,-0.7000000000000001,0,-2.2800000000000002,0,0,0,0.0,0
9.474,-0.7000000000000001,0,-2.2800000000000002,0,0,0,0.0,0
9.475,-0.7000000000000001,0,-2.2800000000000002,0,0,0,0.0,0
9.476,-0.7000000000000001,0,-2.2800000000000002,0,0,0,0.0,0
9.477,-0.7000000000000001,0,-2.2800000000000002,0,0,0,0.0,0
9.478,-0.7000000000000001,0,-2.2800000000000002,0,0,0,0.0,0
9.479,-0.7000000000000001,0,-2.2800000000000002,0,0,0,0.0,0
9.48,-0.7000000000000001,0,-2.2800000000000002,0,0,0,0.0,0
9.481,-0.7000000000000001,0,-2.2800000000000002,0,0,0,0.0,0
9.482,-0.7000000000000001,0,-2.2800000000000002,0,0,0,0.0,0
9.483,-0.7000000000000001,0,-2.2800000000000002,0,0,0,0.0,0
9.484,-0.7000000000000001,0,-2.2800000000000002,0,0,0,0.0,0
9.485,-0.7000000000000001,0,-2.2800000000000002,0,0,0,0.0,0
9.486,-0.7000000000000001,0,-2.2800000000000002,0,0,0,0.0,0
9.488,-0.7000000000000001,0,-2.2800000000000002,0,0,0,0.0,0
9.489,-0.7000000000000001,0,-2.2800000000000002,0,0,0,0.0,0
9.49,-0.7000000000000001,0,-2.2800000000000002,0,0,0,0.0,0
9.491,-0.7000000000000001,0,-2.2800000000000002,0,0,0,0.0,0
9.492,-0.7000000000000001,0,-2.2800000000000002,0,0,0,0.0,0
9.501,-0.7000000000000001,0,-2.2800000000000002,0,0,0,0.0,0
9.504,-0.7000000000000001,0,-2.2800000000000002,0,0,0,0.0,0
9.509,-0.7000000000000001,0,-2.2800000000000002,0,0,0,0.0,0
9.511,-0.7000000000000001,0,-2.2800000000000002,0,0,0,0.0,0
9.517,-0.7000000000000001,0,-2.2800000000000002,0,0,0,0.0,0
9.526,-0.7000000000000001,0,-2.2800000000000002,0,0,0,0.0,0
9.532,-0.7000000000000001,0,-2.2800000000000002,0,0,0,0.0,0
9.537,-0.7000000000000001,0,-2.2800000000000002,0,0,0,0.0,0
9.548,-0.7000000000000001,0,-2.2800000000000002,0,0,0,0.0,0
9.562,-0.7000000000000001,0,-2.2800000000000002,0,0,0,0.0,0
9.566,-0.7000000000000001,0,-2.2800000000000002,0,0,0,0.0,0
9.567,-0.7000000000000001,0,-2.2800000000000002,0,0,0,0.0,0
9.568,-0.7000000000000001,0,-2.2800000000000002,0,0,0,0.0,0
9.569,-0.7000000000000001,0,-2.46,0,0,0,0.0,0
9.57,-0.7000000000000001,0,-2.46,0,0,0,0.0,0
9.571,-0.7000000000000001,0,-2.46,0,0,0,0.0,0
9.572,-0.7000000000000001,0,-2.46,0,0,0,0.0,0
9.573,-0.7000000000000001,0,-2.46,0,0,0,0.0,0
9.573,-0.7000000000000001,0,-2.46,0,0,0,0.0,0
9.574,-0.7000000000000001,0,-2.46,0,0,0,0.0,0
9.575,-0.7000000000000001,0,-2.46,0,0,0,0.0,0
9.577,-0.7000000000000001,0,-2.46,0,0,0,0.0,0
9.578,-0.7000000000000001,0,-2.46,0,0,0,0.0,0
9.579,-0.7000000000000001,0,-2.46,0,0,0,0.0,0
9.58,-0.7000000000000001,0,-2.46,0,0,0,0.0,0
9.581,-0.7000000000000001,0,-2.46,0,0,0,0.0,0
9.582,-0.7000000000000001,0,-2.46,0,0,0,0.0,0
9.583,-0.7000000000000001,0,-2.46,0,0,0,0.0,0
9.584,-0.7000000000000001,0,-2.46,0,0,0,0.0,0
9.585,-0.7000000000000001,0,-2.46,0,0,0,0.0,0
9.62,-0.7000000000000001,0,-2.46,0,0,0,0.0,0
9.629,-0.7000000000000001,0,-2.63,0,0,0,0.0,0
9.64,-0.7000000000000001,0,-2.63,0,0,0,0.0,0
9.653,-0.7000000000000001,0,-2.63,0,0,0,0.0,0
9.67,-0.7000000000000001,0,-2.63,0,0,0,0.0,0
9.673,-0.7000000000000001,0,-2.63,0,0,0,0.0,0
9.676,-0.7000000000000001,0,-2.81,0,0,0,0.0,0
9.677,-0.7000000000000001,0,-2.81,0,0,0,0.0,0
9.678,-0.7000000000000001,0,-2.81,0,0,0,0.0,0
9.679,-0.7000000000000001,0,-2.81,0,0,0,0.0,0
9.68,-0.7000000000000001,0,-2.81,0,0,0,0.0,0
9.682,-0.7000000000000001,0,-2.81,0,0,0,0.0,0
9.683,-0.7000000000000001,0,-2.81,0,0,0,0.0,0
9.684,-0.7000000000000001,0,-2.81,0,0,0,0.0,0
9.685,-0.7000000000000001,0,-2.81,0,0,0,0.0,0
9.686,-0.7000000000000001,0,-2.81,0,0,0,0.0,0
9.687,-0.7000000000000001,0,-2.81,0,0,0,0.0,0
9.688,-0.7000000000000001,0,-2.81,0,0,0,0.0,0
9.689,-0.7000000000000001,0,-2.81,0,0,0,0.0,0
9.69,-0.7000000000000001,0,-2.81,0,0,0,0.0,0
9.691,-0.7000000000000001,0,-2.81,0,0,0,0.0,0
9.692,-0.7000000000000001,0,-2.81,0,0,0,0.0,0
9.694,-0.7000000000000001,0,-2.81,0,0,0,0.0,0
9.695,-0.7000000000000001,0,-2.81,0,0,0,0.0,0
9.696,-0.7000000000000001,0,-2.81,0,0,0,0.0,0
9.697,-0.7000000000000001,0,-2.98,0,0,0,0.0,0
9.698,-0.7000000000000001,0,-2.98,0,0,0,0.0,0
9.699,-0.7000000000000001,0,-2.98,0,0,0,0.0,0
9.7,-0.7000000000000001,0,-2.98,0,0,0,0.0,0
9.701,-0.7000000000000001,0,-2.98,0,0,0,0.0,0
9.702,-0.7000000000000001,0,-2.98,0,0,0,0.0,0
9.703,-0.7000000000000001,0,-2.98,0,0,0,0.0,0
9.704,-0.7000000000000001,0,-2.98,0,0,0,0.0,0
9.705,-0.7000000000000001,0,-2.98,0,0,0,0.0,0
9.706,-0.7000000000000001,0,-2.98,0,0,0,0.0,0
9.707,-0.7000000000000001,0,-2.98,0,0,0,0.0,0
9.717,-0.7000000000000001,0,-2.98,0,0,0,0.0,0
9.723,-0.7000000000000001,0,-2.98,0,0,0,0.0,0
9.728,-0.7000000000000001,0,-2.98,0,0,0,0.0,0
9.738,-0.7000000000000001,0,-2.98,0,0,0,0.0,0
9.745,-0.7000000000000001,0,-2.98,0,0,0,0.0,0
9.755,-0.7000000000000001,0,-2.98,0,0,0,0.0,0
9.77,-0.7000000000000001,0,-2.98,0,0,0,0.0,0
9.773,-0.7000000000000001,0,-3.16,0,0,0,0.0,0
9.774,-0.7000000000000001,0,-3.16,0,0,0,0.0,0
9.775,-0.7000000000000001,0,-3.16,0,0,0,0.0,0
9.776,-0.7000000000000001,0,-3.16,0,0,0,0.0,0
9.777,-0.7000000000000001,0,-3.16,0,0,0,0.0,0
9.778,-0.7000000000000001,0,-3.16,0,0,0,0.0,0
9.78,-0.7000000000000001,0,-3.16,0,0,0,0.0,0
9.782,-0.7000000000000001,0,-3.16,0,0,0,0.0,0
9.784,-0.7000000000000001,0,-3.16,0,0,0,0.0,0
9.785,-0.7000000000000001,0,-3.16,0,0,0,0.0,0
9.787,-0.7000000000000001,0,-3.16,0,0,0,0.0,0
9.789,-0.7000000000000001,0,-3.16,0,0,0,0.0,0
9.789,-0.7000000000000001,0,-3.16,0,0,0,0.0,0
9.79,-0.7000000000000001,0,-3.16,0,0,0,0.0,0
9.792,-0.7000000000000001,0,-3.16,0,0,0,0.0,0
9.792,-0.7000000000000001,0,-3.16,0,0,0,0.0,0
9.793,-0.7000000000000001,0,-3.16,0,0,0,0.0,0
9.794,-0.7000000000000001,0,-3.16,0,0,0,0.0,0
9.796,-0.7000000000000001,0,-3.16,0,0,0,0.0,0
9.797,-0.7000000000000001,0,-3.16,0,0,0,0.0,0
9.798,-0.7000000000000001,0,-3.16,0,0,0,0.0,0
9.799,-0.7000000000000001,0,-3.16,0,0,0,0.0,0
9.8,-0.7000000000000001,0,-3.16,0,0,0,0.0,0
9.801,-0.7000000000000001,0,-3.16,0,0,0,0.0,0
9.802,-0.7000000000000001,0,-3.16,0,0,0,0.0,0
9.806,-0.7000000000000001,0,-3.16,0,0,0,0.0,0
9.807,-0.7000000000000001,0,-3.16,0,0,0,0.0,0
9.807,-0.7000000000000001,0,-3.16,0,0,0,0.0,0
9.808,-0.7000000000000001,0,-3.16,0,0,0,0.0,0
9.809,-0.7000000000000001,0,-3.16,0,0,0,0.0,0
9.809,-0.7000000000000001,0,-3.16,0,0,0,0.0,0
9.81,-0.7000000000000001,0,-3.16,0,0,0,0.0,0
9.811,-0.7000000000000001,0,-3.16,0,0,0,0.0,0
9.813,-0.7000000000000001,0,-3.16,0,0,0,0.0,0
9.814,-0.7000000000000001,0,-3.16,0,0,0,0.0,0
9.815,-0.7000000000000001,0,-3.16,0,0,0,0.0,0
9.815,-0.7000000000000001,0,-3.16,0,0,0,0.0,0
9.821,-0.7000000000000001,0,-3.16,0,0,0,0.0,0
9.839,-0.7000000000000001,0,-3.16,0,0,0,0.0,0
9.848,-0.7000000000000001,0,-2.98,0,0,0,0.0,0
9.857,-0.7000000000000001,0,-2.98,0,0,0,0.0,0
9.861,-0.7000000000000001,0,-2.98,0,0,0,0.0,0
9.869,-0.7000000000000001,0,-2.98,0,0,0,0.0,0
9.877,-0.7000000000000001,0,-2.98,0,0,0,0.0,0
9.885,-0.7000000000000001,0,-2.81,0,0,0,0.0,0
9.897,-0.7000000000000001,0,-2.81,0,0,0,0.0,0
9.899,-0.7000000000000001,0,-2.81,0,0,0,0.0,0
9.906,-0.7000000000000001,0,-2.81,0,0,0,0.0,0
9.907,-0.7000000000000001,0,-2.81,0,0,0,0.0,0
9.909,-0.7000000000000001,0,-2.63,0,0,0,0.0,0
9.91,-0.7000000000000001,0,-2.63,0,0,0,0.0,0
9.912,-0.7000000000000001,0,-2.63,0,0,0,0.0,0
9.914,-0.7000000000000001,0,-2.63,0,0,0,0.0,0
9.916,-0.7000000000000001,0,-2.63,0,0,0,0.0,0
9.918,-0.7000000000000001,0,-2.63,0,0,0,0.0,0
9.92,-0.7000000000000001,0,-2.63,0,0,0,0.0,0
9.921,-0.7000000000000001,0,-2.63,0,0,0,0.0,0
9.923,-0.7000000000000001,0,-2.63,0,0,0,0.0,0
9.924,-0.7000000000000001,0,-2.63,0,0,0,0.0,0
9.926,-0.7000000000000001,0,-2.63,0,0,0,0.0,0
9.939,-0.7000000000000001,0,-2.63,0,0,0,0.0,0
9.953,-0.7000000000000001,0,-2.63,0,0,0,0.0,0
9.964,-0.7000000000000001,0,-2.63,0,0,0,0.0,0
9.979,-0.7000000000000001,0,-2.63,0,0,0,0.0,0
9.995,-0.7000000000000001,0,-2.46,0,0,0,0.0,0
10.006,-0.7000000000000001,0,-2.46,0,0,0,0.0,0
10.026,-0.7000000000000001,0,-2.46,0,0,0,0.0,0
10.047,-0.7000000000000001,0,-2.46,0,0,0,0.0,0
10.056,-0.7000000000000001,0,-2.2800000000000002,0,0,0,0.0,0
10.06,-0.7000000000000001,0,-2.2800000000000002,0,0,0,0.0,0
10.076,-0.7000000000000001,0,-2.2800000000000002,0,0,0,0.0,0
10.087,-0.7000000000000001,0,-2.2800000000000002,0,0,0,0.0,0
10.104,-0.7000000000000001,0,-2.2800000000000002,0,0,0,0.0,0
10.122,-0.7000000000000001,0,-2.2800000000000002,0,0,0,0.0,0
10.131,-0.7000000000000001,0,-2.46,0,0,0,0.0,0
10.15,-0.7000000000000001,0,-2.46,0,0,0,0.0,0
10.172,-0.7000000000000001,0,-2.46,0,0,0,0.0,0
10.182,-0.7000000000000001,0,-2.46,0,0,0,0.0,0
10.191,-0.7000000000000001,0,-2.63,0,0,0,0.0,0
10.199,-0.7000000000000001,0,-2.63,0,0,0,0.0,0
10.206,-0.7000000000000001,0,-2.63,0,0,0,0.0,0
10.21,-0.7000000000000001,0,-2.63,0,0,0,0.0,0
10.213,-0.7000000000000001,0,-2.63,0,0,0,0.0,0
10.216,-0.7000000000000001,0,-2.63,0,0,0,0.0,0
10.219,-0.7000000000000001,0,-2.63,0,0,0,0.0,0
10.223,-0.7000000000000001,0,-2.63,0,0,0,0.0,0
10.231,-0.7000000000000001,0,-2.63,0,0,0,0.0,0
10.236,-0.7000000000000001,0,-2.81,0,0,0,0.0,0
10.239,-0.7000000000000001,0,-2.81,0,0,0,0.0,0
10.24,-0.7000000000000001,0,-2.81,0,0,0,0.0,0
10.241,-0.7000000000000001,0,-2.81,0,0,0,0.0,0
10.241,-0.7000000000000001,0,-2.81,0,0,0,0.0,0
10.242,-0.7000000000000001,0,-2.81,0,0,0,0.0,0
10.243,-0.7000000000000001,0,-2.81,0,0,0,0.0,0
10.244,-0.7000000000000001,0,-2.81,0,0,0,0.0,0
10.245,-0.7000000000000001,0,-2.81,0,0,0,0.0,0
10.246,-0.7000000000000001,0,-2.81,0,0,0,0.0,0
10.246,-0.7000000000000001,0,-2.81,0,0,0,0.0,0
10.247,-0.7000000000000001,0,-2.81,0,0,0,0.0,0
10.248,-0.7000000000000001,0,-2.81,0,0,0,0.0,0
10.248,-0.7000000000000001,0,-2.81,0,0,0,0.0,0
10.249,-0.7000000000000001,0,-2.81,0,0,0,0.0,0
10.249,-0.7000000000000001,0,-2.81,0,0,0,0.0,0
10.25,-0.7000000000000001,0,-2.81,0,0,0,0.0,0
10.251,-0.7000000000000001,0,-2.81,0,0,0,0.0,0
10.251,-0.7000000000000001,0,-2.81,0,0,0,0.0,0
10.252,-0.7000000000000001,0,-2.81,0,0,0,0.0,0
10.253,-0.7000000000000001,0,-2.81,0,0,0,0.0,0
10.261,-0.7000000000000001,0,-2.81,0,0,0,0.0,0
10.267,-0.7000000000000001,0,-2.81,0,0,0,0.0,0
10.272,-0.7000000000000001,0,-2.81,0,0,0,0.0,0
10.276,-0.7000000000000001,0,-2.81,0,0,0,0.0,0
10.282,-0.7000000000000001,0,-2.81,0,0,0,0.0,0
10.289,-0.7000000000000001,0,-2.98,0,0,0,0.0,0
10.292,-0.7000000000000001,0,-2.98,0,0,0,0.0,0
10.293,-0.7000000000000001,0,-2.98,0,0,0,0.0,0
10.293,-0.7000000000000001,0,-2.98,0,0,0,0.0,0
10.294,-0.7000000000000001,0,-2.98,0,0,0,0.0,0
10.295,-0.7000000000000001,0,-2.98,0,0,0,0.0,0
10.295,-0.7000000000000001,0,-2.98,0,0,0,0.0,0
10.296,-0.7000000000000001,0,-2.98,0,0,0,0.0,0
10.297,-0.7000000000000001,0,-2.98,0,0,0,0.0,0
10.297,-0.7000000000000001,0,-2.98,0,0,0,0.0,0
10.298,-0.7000000000000001,0,-2.98,0,0,0,0.0,0
10.298,-0.7000000000000001,0,-2.98,0,0,0,0.0,0
10.299,-0.7000000000000001,0,-2.98,0,0,0,0.0,0
10.299,-0.7000000000000001,0,-2.98,0,0,0,0.0,0
10.3,-0.7000000000000001,0,-2.98,0,0,0,0.0,0
10.3,-0.7000000000000001,0,-2.98,0,0,0,0.0,0
10.301,-0.7000000000000001,0,-2.98,0,0,0,0.0,0
10.302,-0.7000000000000001,0,-2.98,0,0,0,0.0,0
10.303,-0.7000000000000001,0,-2.98,0,0,0,0.0,0
10.303,-0.7000000000000001,0,-2.98,0,0,0,0.0,0
10.304,-0.7000000000000001,0,-2.98,0,0,0,0.0,0
10.305,-0.7000000000000001,0,-2.98,0,0,0,0.0,0
10.306,-0.7000000000000001,0,-2.98,0,0,0,0.0,0
10.307,-0.7000000000000001,0,-2.98,0,0,0,0.0,0
10.308,-0.7000000000000001,0,-2.98,0,0,0,0.0,0
10.308,-0.7000000000000001,0,-2.98,0,0,0,0.0,0
10.309,-0.7000000000000001,0,-2.98,0,0,0,0.0,0
10.309,-0.7000000000000001,0,-2.98,0,0,0,0.0,0
10.31,-0.7000000000000001,0,-2.98,0,0,0,0.0,0
10.312,-0.7000000000000001,0,-2.98,0,0,0,0.0,0
10.312,-0.7000000000000001,0,-2.98,0,0,0,0.0,0
10.313,-0.7000000000000001,0,-2.98,0,0,0,0.0,0
10.313,-0.7000000000000001,0,-2.98,0,0,0,0.0,0
10.314,-0.7000000000000001,0,-2.98,0,0,0,0.0,0
10.314,-0.7000000000000001,0,-2.98,0,0,0,0.0,0
10.315,-0.7000000000000001,0,-2.98,0,0,0,0.0,0
10.316,-0.7000000000000001,0,-2.98,0,0,0,0.0,0
10.316,-0.7000000000000001,0,-2.98,0,0,0,0.0,0
10.317,-0.7000000000000001,0,-2.98,0,0,0,0.0,0
10.317,-0.7000000000000001,0,-2.98,0,0,0,0.0,0
10.318,-0.7000000000000001,0,-2.98,0,0,0,0.0,0
10.319,-0.7000000000000001,0,-2.98,0,0,0,0.0,0
10.319,-0.7000000000000001,0,-2.98,0,0,0,0.0,0
10.32,-0.7000000000000001,0,-2.98,0,0,0,0.0,0
10.32,-0.7000000000000001,0,-2.98,0,0,0,0.0,0
10.321,-0.7000000000000001,0,-2.98,0,0,0,0.0,0
10.321,-0.7000000000000001,0,-2.98,0,0,0,0.0,0
10.322,-0.7000000000000001,0,-2.98,0,0,0,0.0,0
10.322,-0.7000000000000001,0,-2.98,0,0,0,0.0,0
10.323,-0.7000000000000001,0,-2.98,0,0,0,0.0,0
10.324,-0.7000000000000001,0,-2.98,0,0,0,0.0,0
10.324,-0.7000000000000001,0,-2.98,0,0,0,0.0,0
10.325,-0.7000000000000001,0,-2.98,0,0,0,0.0,0
10.326,-0.7000000000000001,0,-2.98,0,0,0,0.0,0
10.327,-0.7000000000000001,0,-2.98,0,0,0,0.0,0
10.328,-0.7000000000000001,0,-2.98,0,0,0,0.0,0
10.328,-0.7000000000000001,0,-2.98,0,0,0,0.0,0
10.329,-0.7000000000000001,0,-2.98,0,0,0,0.0,0
10.33,-0.7000000000000001,0,-2.98,0,0,0,0.0,0
10.331,-0.7000000000000001,0,-2.98,0,0,0,0.0,0
10.331,-0.7000000000000001,0,-2.98,0,0,0,0.0,0
10.332,-0.7000000000000001,0,-2.98,0,0,0,0.0,0
10.332,-0.7000000000000001,0,-2.98,0,0,0,0.0,0
10.334,-0.7000000000000001,0,-2.98,0,0,0,0.0,0
10.334,-0.7000000000000001,0,-2.98,0,0,0,0.0,0
10.334,-0.7000000000000001,0,-2.98,0,0,0,0.0,0
10.336,-0.7000000000000001,0,-2.98,0,0,0,0.0,0
10.337,-0.7000000000000001,0,-2.98,0,0,0,0.0,0
10.337,-0.7000000000000001,0,-2.98,0,0,0,0.0,0
10.338,-0.7000000000000001,0,-2.98,0,0,0,0.0,0
10.338,-0.7000000000000001,0,-2.98,0,0,0,0.0,0
10.34,-0.7000000000000001,0,-2.98,0,0,0,0.0,0
10.34,-0.7000000000000001,0,-2.98,0,0,0,0.0,0
10.341,-0.7000000000000001,0,-2.98,0,0,0,0.0,0
10.342,-0.7000000000000001,0,-2.98,0,0,0,0.0,0
10.342,-0.7000000000000001,0,-2.98,0,0,0,0.0,0
10.343,-0.7000000000000001,0,-2.98,0,0,0,0.0,0
10.344,-0.7000000000000001,0,-2.98,0,0,0,0.0,0
10.344,-0.7000000000000001,0,-2.98,0,0,0,0.0,0
10.345,-0.7000000000000001,0,-2.98,0,0,0,0.0,0
10.346,-0.7000000000000001,0,-2.98,0,0,0,0.0,0
10.347,-0.7000000000000001,0,-2.98,0,0,0,0.0,0
10.348,-0.7000000000000001,0,-2.98,0,0,0,0.0,0
10.348,-0.7000000000000001,0,-2.98,0,0,0,0.0,0
10.349,-0.7000000000000001,0,-2.98,0,0,0,0.0,0
10.35,-0.7000000000000001,0,-2.98,0,0,0,0.0,0
10.35,-0.7000000000000001,0,-2.98,0,0,0,0.0,0
10.351,-0.7000000000000001,0,-2.98,0,0,0,0.0,0
10.351,-0.7000000000000001,0,-2.98,0,0,0,0.0,0
10.352,-0.7000000000000001,0,-2.98,0,0,0,0.0,0
10.353,-0.7000000000000001,0,-2.98,0,0,0,0.0,0
10.354,-0.7000000000000001,0,-2.98,0,0,0,0.0,0
10.354,-0.7000000000000001,0,-2.98,0,0,0,0.0,0
10.355,-0.7000000000000001,0,-2.98,0,0,0,0.0,0
10.356,-0.7000000000000001,0,-2.98,0,0,0,0.0,0
10.357,-0.7000000000000001,0,-2.98,0,0,0,0.0,0
10.358,-0.7000000000000001,0,-2.98,0,0,0,0.0,0
10.359,-0.7000000000000001,0,-2.98,0,0,0,0.0,0
10.359,-0.7000000000000001,0,-2.98,0,0,0,0.0,0
10.36,-0.7000000000000001,0,-2.98,0,0,0,0.0,0
10.361,-0.7000000000000001,0,-2.98,0,0,0,0.0,0
10.362,-0.7000000000000001,0,-2.98,0,0,0,0.0,0
10.369,-0.7000000000000001,0,-2.98,0,0,0,0.0,0
10.39,-0.7000000000000001,0,-2.98,0,0,0,0.0,0
10.398,-0.7000000000000001,0,-2.98,0,0,0,0.0,0
10.41,-0.7000000000000001,0,-2.98,0,0,0,0.0,0
10.41,-0.7000000000000001,0,-2.98,0,0,0,0.0,0
10.41,-0.7000000000000001,0,-2.98,0,0,0,0.0,0
10.412,-0.7000000000000001,0,-2.98,0,0,0,0.0,0
10.412,-0.7000000000000001,0,-2.98,0,0,0,0.0,0
10.412,-0.7000000000000001,0,-2.98,0,0,0,0.0,0
10.413,-0.7000000000000001,0,-2.98,0,0,0,0.0,0
10.414,-0.7000000000000001,0,-2.98,0,0,0,0.0,0
10.415,-0.7000000000000001,0,-2.98,0,0,0,0.0,0
10.415,-0.7000000000000001,0,-2.98,0,0,0,0.0,0
10.415,-0.7000000000000001,0,-2.98,0,0,0,0.0,0
10.416,-0.7000000000000001,0,-2.98,0,0,0,0.0,0
10.417,-0.7000000000000001,0,-2.98,0,0,0,0.0,0
10.417,-0.7000000000000001,0,-2.81,0,0,0,0.0,0
10.418,-0.7000000000000001,0,-2.81,0,0,0,0.0,0
10.418,-0.7000000000000001,0,-2.81,0,0,0,0.0,0
10.419,-0.7000000000000001,0,-2.81,0,0,0,0.0,0
10.42,-0.7000000000000001,0,-2.81,0,0,0,0.0,0
10.42,-0.7000000000000001,0,-2.81,0,0,0,0.0,0
10.421,-0.7000000000000001,0,-2.81,0,0,0,0.0,0
10.421,-0.7000000000000001,0,-2.81,0,0,0,0.0,0
10.422,-0.7000000000000001,0,-2.81,0,0,0,0.0,0
10.423,-0.7000000000000001,0,-2.81,0,0,0,0.0,0
10.424,-0.7000000000000001,0,-2.81,0,0,0,0.0,0
10.424,-0.7000000000000001,0,-2.81,0,0,0,0.0,0
10.425,-0.7000000000000001,0,-2.81,0,0,0,0.0,0
10.426,-0.7000000000000001,0,-2.81,0,0,0,0.0,0
10.426,-0.7000000000000001,0,-2.81,0,0,0,0.0,0
10.427,-0.7000000000000001,0,-2.81,0,0,0,0.0,0
10.428,-0.7000000000000001,0,-2.81,0,0,0,0.0,0
10.428,-0.7000000000000001,0,-2.81,0,0,0,0.0,0
10.429,-0.7000000000000001,0,-2.81,0,0,0,0.0,0
10.429,-0.7000000000000001,0,-2.81,0,0,0,0.0,0
10.43,-0.7000000000000001,0,-2.81,0,0,0,0.0,0
10.431,-0.7000000000000001,0,-2.81,0,0,0,0.0,0
10.431,-0.7000000000000001,0,-2.81,0,0,0,0.0,0
10.432,-0.7000000000000001,0,-2.81,0,0,0,0.0,0
10.432,-0.7000000000000001,0,-2.81,0,0,0,0.0,0
10.434,-0.7000000000000001,0,-2.81,0,0,0,0.0,0
10.435,-0.7000000000000001,0,-2.81,0,0,0,0.0,0
10.435,-0.7000000000000001,0,-2.81,0,0,0,0.0,0
10.436,-0.7000000000000001,0,-2.81,0,0,0,0.0,0
10.437,-0.7000000000000001,0,-2.81,0,0,0,0.0,0
10.437,-0.7000000000000001,0,-2.81,0,0,0,0.0,0
10.438,-0.7000000000000001,0,-2.81,0,0,0,0.0,0
10.438,-0.7000000000000001,0,-2.81,0,0,0,0.0,0
10.439,-0.7000000000000001,0,-2.81,0,0,0,0.0,0
10.44,-0.7000000000000001,0,-2.81,0,0,0,0.0,0
10.44,-0.7000000000000001,0,-2.81,0,0,0,0.0,0
10.441,-0.7000000000000001,0,-2.81,0,0,0,0.0,0
10.441,-0.7000000000000001,0,-2.81,0,0,0,0.0,0
10.442,-0.7000000000000001,0,-2.81,0,0,0,0.0,0
10.443,-0.7000000000000001,0,-2.81,0,0,0,0.0,0
10.443,-0.7000000000000001,0,-2.81,0,0,0,0.0,0
10.444,-0.7000000000000001,0,-2.81,0,0,0,0.0,0
10.444,-0.7000000000000001,0,-2.81,0,0,0,0.0,0
10.445,-0.7000000000000001,0,-2.81,0,0,0,0.0,0
10.446,-0.7000000000000001,0,-2.81,0,0,0,0.0,0
10.446,-0.7000000000000001,0,-2.81,0,0,0,0.0,0
10.447,-0.7000000000000001,0,-2.81,0,0,0,0.0,0
10.448,-0.7000000000000001,0,-2.81,0,0,0,0.0,0
10.449,-0.7000000000000001,0,-2.81,0,0,0,0.0,0
10.449,-0.7000000000000001,0,-2.81,0,0,0,0.0,0
10.45,-0.7000000000000001,0,-2.81,0,0,0,0.0,0
10.451,-0.7000000000000001,0,-2.81,0,0,0,0.0,0
10.451,-0.7000000000000001,0,-2.81,0,0,0,0.0,0
10.452,-0.7000000000000001,0,-2.81,0,0,0,0.0,0
10.453,-0.7000000000000001,0,-2.81,0,0,0,0.0,0
10.454,-0.7000000000000001,0,-2.81,0,0,0,0.0,0
10.454,-0.7000000000000001,0,-2.81,0,0,0,0.0,0
10.455,-0.7000000000000001,0,-2.81,0,0,0,0.0,0
10.456,-0.7000000000000001,0,-2.81,0,0,0,0.0,0
10.457,-0.7000000000000001,0,-2.81,0,0,0,0.0,0
10.457,-0.7000000000000001,0,-2.81,0,0,0,0.0,0
10.458,-0.7000000000000001,0,-2.81,0,0,0,0.0,0
10.459,-0.7000000000000001,0,-2.81,0,0,0,0.0,0
10.46,-0.7000000000000001,0,-2.81,0,0,0,0.0,0
10.46,-0.7000000000000001,0,-2.81,0,0,0,0.0,0
10.461,-0.7000000000000001,0,-2.81,0,0,0,0.0,0
10.462,-0.7000000000000001,0,-2.81,0,0,0,0.0,0
10.462,-0.7000000000000001,0,-2.81,0,0,0,0.0,0
10.464,-0.7000000000000001,0,-2.81,0,0,0,0.0,0
10.465,-0.7000000000000001,0,-2.81,0,0,0,0.0,0
10.465,-0.7000000000000001,0,-2.81,0,0,0,0.0,0
10.465,-0.7000000000000001,0,-2.81,0,0,0,0.0,0
10.467,-0.7000000000000001,0,-2.81,0,0,0,0.0,0
10.467,-0.7000000000000001,0,-2.81,0,0,0,0.0,0
10.468,-0.7000000000000001,0,-2.63,0,0,0,0.0,0
10.478,-0.7000000000000001,0,-2.63,0,0,0,0.0,0
10.488,-0.7000000000000001,0,-2.63,0,0,0,0.0,0
10.498,-0.7000000000000001,0,-2.63,0,0,0,0.0,0
10.512,-0.7000000000000001,0,-2.63,0,0,0,0.0,0
10.517,-0.7000000000000001,0,-2.63,0,0,0,0.0,0
10.52,-0.7000000000000001,0,-2.63,0,0,0,0.0,0
10.54,-0.7000000000000001,0,-2.63,0,0,0,0.0,0
10.547,-0.7000000000000001,0,-2.63,0,0,0,0.0,0
10.559,-0.7000000000000001,0,-2.63,0,0,0,0.0,0
10.561,-0.7000000000000001,0,-2.46,0,0,0,0.0,0
10.573,-0.7000000000000001,0,-2.46,0,0,0,0.0,0
10.585,-0.7000000000000001,0,-2.46,0,0,0,0.0,0
10.587,-0.7000000000000001,0,-2.46,0,0,0,0.0,0
10.588,-0.7000000000000001,0,-2.46,0,0,0,0.0,0
10.589,-0.7000000000000001,0,-2.46,0,0,0,0.0,0
10.595,-0.7000000000000001,0,-2.46,0,0,0,0.0,0
10.6,-0.7000000000000001,0,-2.46,0,0,0,0.0,0
10.603,-0.7000000000000001,0,-2.46,0,0,0,0.0,0
10.609,-0.7000000000000001,0,-2.46,0,0,0,0.0,0
10.611,-0.7000000000000001,0,-2.46,0,0,0,0.0,0
10.616,-0.7000000000000001,0,-2.46,0,0,0,0.0,0
10.619,-0.7000000000000001,0,-2.46,0,0,0,0.0,0
10.622,-0.7000000000000001,0,-2.46,0,0,0,0.0,0
10.624,-0.7000000000000001,0,-2.46,0,0,0,0.0,0
10.628,-0.7000000000000001,0,-2.46,0,0,0,0.0,0
10.633,-0.7000000000000001,0,-2.46,0,0,0,0.0,0
10.635,-0.7000000000000001,0,-2.46,0,0,0,0.0,0
10.639,-0.7000000000000001,0,-2.46,0,0,0,0.0,0
10.645,-0.7000000000000001,0,-2.46,0,0,0,0.0,0
10.649,-0.7000000000000001,0,-2.46,0,0,0,0.0,0
10.652,-0.7000000000000001,0,-2.46,0,0,0,0.0,0
10.654,-0.7000000000000001,0,-2.46,0,0,0,0.0,0
10.655,-0.7000000000000001,0,-2.46,0,0,0,0.0,0
10.655,-0.7000000000000001,0,-2.46,0,0,0,0.0,0
10.656,-0.7000000000000001,0,-2.46,0,0,0,0.0,0
10.657,-0.7000000000000001,0,-2.46,0,0,0,0.0,0
10.657,-0.7000000000000001,0,-2.46,0,0,0,0.0,0
10.658,-0.7000000000000001,0,-2.46,0,0,0,0.0,0
10.659,-0.7000000000000001,0,-2.46,0,0,0,0.0,0
10.659,-0.7000000000000001,0,-2.46,0,0,0,0.0,0
10.66,-0.7000000000000001,0,-2.46,0,0,0,0.0,0
10.66,-0.7000000000000001,0,-2.46,0,0,0,0.0,0
10.661,-0.7000000000000001,0,-2.46,0,0,0,0.0,0
10.662,-0.7000000000000001,0,-2.46,0,0,0,0.0,0
10.662,-0.7000000000000001,0,-2.46,0,0,0,0.0,0
10.663,-0.7000000000000001,0,-2.46,0,0,0,0.0,0
10.664,-0.7000000000000001,0,-2.46,0,0,0,0.0,0
10.665,-0.7000000000000001,0,-2.46,0,0,0,0.0,0
10.665,-0.7000000000000001,0,-2.46,0,0,0,0.0,0
10.666,-0.7000000000000001,0,-2.46,0,0,0,0.0,0
10.667,-0.7000000000000001,0,-2.46,0,0,0,0.0,0
10.667,-0.7000000000000001,0,-2.46,0,0,0,0.0,0
10.668,-0.7000000000000001,0,-2.46,0,0,0,0.0,0
10.669,-0.7000000000000001,0,-2.46,0,0,0,0.0,0
10.669,-0.7000000000000001,0,-2.46,0,0,0,0.0,0
10.67,-0.7000000000000001,0,-2.46,0,0,0,0.0,0
10.671,-0.7000000000000001,0,-2.46,0,0,0,0.0,0
10.671,-0.7000000000000001,0,-2.46,0,0,0,0.0,0
10.672,-0.7000000000000001,0,-2.46,0,0,0,0.0,0
10.673,-0.7000000000000001,0,-2.46,0,0,0,0.0,0
10.673,-0.7000000000000001,0,-2.46,0,0,0,0.0,0
10.674,-0.7000000000000001,0,-2.46,0,0,0,0.0,0
10.675,-0.7000000000000001,0,-2.46,0,0,0,0.0,0
10.675,-0.7000000000000001,0,-2.46,0,0,0,0.0,0
10.676,-0.7000000000000001,0,-2.46,0,0,0,0.0,0
10.676,-0.7000000000000001,0,-2.46,0,0,0,0.0,0
10.677,-0.7000000000000001,0,-2.46,0,0,0,0.0,0
10.677,-0.7000000000000001,0,-2.46,0,0,0,0.0,0
10.678,-0.7000000000000001,0,-2.46,0,0,0,0.0,0
10.678,-0.7000000000000001,0,-2.46,0,0,0,0.0,0
10.679,-0.7000000000000001,0,-2.46,0,0,0,0.0,0
10.679,-0.7000000000000001,0,-2.46,0,0,0,0.0,0
10.68,-0.7000000000000001,0,-2.46,0,0,0,0.0,0
10.68,-0.7000000000000001,0,-2.46,0,0,0,0.0,0
10.681,-0.7000000000000001,0,-2.46,0,0,0,0.0,0
10.681,-0.7000000000000001,0,-2.46,0,0,0,0.0,0
10.682,-0.7000000000000001,0,-2.46,0,0,0,0.0,0
10.682,-0.7000000000000001,0,-2.46,0,0,0,0.0,0
10.683,-0.7000000000000001,0,-2.46,0,0,0,0.0,0
10.683,-0.7000000000000001,0,-2.46,0,0,0,0.0,0
10.684,-0.7000000000000001,0,-2.46,0,0,0,0.0,0
10.684,-0.7000000000000001,0,-2.46,0,0,0,0.0,0
10.685,-0.7000000000000001,0,-2.46,0,0,0,0.0,0
10.686,-0.7000000000000001,0,-2.46,0,0,0,0.0,0
10.686,-0.7000000000000001,0,-2.46,0,0,0,0.0,0
10.687,-0.7000000000000001,0,-2.46,0,0,0,0.0,0
10.687,-0.7000000000000001,0,-2.46,0,0,0,0.0,0
10.688,-0.7000000000000001,0,-2.46,0,0,0,0.0,0
10.692,-0.7000000000000001,0,-2.46,0,0,0,0.0,0
10.705,-0.7000000000000001,0,-2.46,0,0,0,0.0,0
10.707,-0.7000000000000001,0,-2.46,0,0,0,0.0,0
10.71,-0.7000000000000001,0,-2.46,0,0,0,0.0,0
10.712,-0.7000000000000001,0,-2.46,0,0,0,0.0,0
10.714,-0.7000000000000001,0,-2.46,0,0,0,0.0,0
10.716,-0.7000000000000001,0,-2.46,0,0,0,0.0,0
10.718,-0.7000000000000001,0,-2.46,0,0,0,0.0,0
10.72,-0.7000000000000001,0,-2.46,0,0,0,0.0,0
10.725,-0.7000000000000001,0,-2.63,0,0,0,0.0,0
10.727,-0.7000000000000001,0,-2.63,0,0,0,0.0,0
10.73,-0.7000000000000001,0,-2.63,0,0,0,0.0,0
10.736,-0.7000000000000001,0,-2.63,0,0,0,0.0,0
10.738,-0.7000000000000001,0,-2.63,0,0,0,0.0,0
10.74,-0.7000000000000001,0,-2.63,0,0,0,0.0,0
10.74,-0.7000000000000001,0,-2.63,0,0,0,0.0,0
10.741,-0.7000000000000001,0,-2.63,0,0,0,0.0,0
10.742,-0.7000000000000001,0,-2.63,0,0,0,0.0,0
10.742,-0.7000000000000001,0,-2.63,0,0,0,0.0,0
10.743,-0.7000000000000001,0,-2.63,0,0,0,0.0,0
10.744,-0.7000000000000001,0,-2.63,0,0,0,0.0,0
10.744,-0.7000000000000001,0,-2.63,0,0,0,0.0,0
10.745,-0.7000000000000001,0,-2.63,0,0,0,0.0,0
10.745,-0.7000000000000001,0,-2.63,0,0,0,0.0,0
10.746,-0.7000000000000001,0,-2.63,0,0,0,0.0,0
10.747,-0.7000000000000001,0,-2.63,0,0,0,0.0,0
10.747,-0.7000000000000001,0,-2.63,0,0,0,0.0,0
10.748,-0.7000000000000001,0,-2.63,0,0,0,0.0,0
10.749,-0.7000000000000001,0,-2.63,0,0,0,0.0,0
10.749,-0.7000000000000001,0,-2.63,0,0,0,0.0,0
10.75,-0.7000000000000001,0,-2.63,0,0,0,0.0,0
10.75,-0.7000000000000001,0,-2.63,0,0,0,0.0,0
10.751,-0.7000000000000001,0,-2.63,0,0,0,0.0,0
10.752,-0.7000000000000001,0,-2.63,0,0,0,0.0,0
10.753,-0.7000000000000001,0,-2.63,0,0,0,0.0,0
10.754,-0.7000000000000001,0,-2.63,0,0,0,0.0,0
10.754,-0.7000000000000001,0,-2.63,0,0,0,0.0,0
10.755,-0.7000000000000001,0,-2.63,0,0,0,0.0,0
10.756,-0.7000000000000001,0,-2.63,0,0,0,0.0,0
10.756,-0.7000000000000001,0,-2.63,0,0,0,0.0,0
10.757,-0.7000000000000001,0,-2.63,0,0,0,0.0,0
10.758,-0.7000000000000001,0,-2.63,0,0,0,0.0,0
10.759,-0.7000000000000001,0,-2.63,0,0,0,0.0,0
10.759,-0.7000000000000001,0,-2.63,0,0,0,0.0,0
10.76,-0.7000000000000001,0,-2.63,0,0,0,0.0,0
10.761,-0.7000000000000001,0,-2.63,0,0,0,0.0,0
10.762,-0.7000000000000001,0,-2.63,0,0,0,0.0,0
10.763,-0.7000000000000001,0,-2.63,0,0,0,0.0,0
10.763,-0.7000000000000001,0,-2.63,0,0,0,0.0,0
10.764,-0.7000000000000001,0,-2.63,0,0,0,0.0,0
10.765,-0.7000000000000001,0,-2.63,0,0,0,0.0,0
10.765,-0.7000000000000001,0,-2.63,0,0,0,0.0,0
10.766,-0.7000000000000001,0,-2.63,0,0,0,0.0,0
10.767,-0.7000000000000001,0,-2.63,0,0,0,0.0,0
10.767,-0.7000000000000001,0,-2.63,0,0,0,0.0,0
10.768,-0.7000000000000001,0,-2.63,0,0,0,0.0,0
10.769,-0.7000000000000001,0,-2.63,0,0,0,0.0,0
10.769,-0.7000000000000001,0,-2.63,0,0,0,0.0,0
10.77,-0.7000000000000001,0,-2.63,0,0,0,0.0,0
10.771,-0.7000000000000001,0,-2.63,0,0,0,0.0,0
10.771,-0.7000000000000001,0,-2.63,0,0,0,0.0,0
10.772,-0.7000000000000001,0,-2.63,0,0,0,0.0,0
10.772,-0.7000000000000001,0,-2.63,0,0,0,0.0,0
10.773,-0.7000000000000001,0,-2.63,0,0,0,0.0,0
10.774,-0.7000000000000001,0,-2.63,0,0,0,0.0,0
10.774,-0.7000000000000001,0,-2.63,0,0,0,0.0,0
10.775,-0.7000000000000001,0,-2.63,0,0,0,0.0,0
10.776,-0.7000000000000001,0,-2.63,0,0,0,0.0,0
10.777,-0.7000000000000001,0,-2.63,0,0,0,0.0,0
10.777,-0.7000000000000001,0,-2.63,0,0,0,0.0,0
10.778,-0.7000000000000001,0,-2.63,0,0,0,0.0,0
10.779,-0.7000000000000001,0,-2.63,0,0,0,0.0,0
10.78,-0.7000000000000001,0,-2.63,0,0,0,0.0,0
10.78,-0.7000000000000001,0,-2.63,0,0,0,0.0,0
10.781,-0.7000000000000001,0,-2.63,0,0,0,0.0,0
10.782,-0.7000000000000001,0,-2.63,0,0,0,0.0,0
10.783,-0.7000000000000001,0,-2.63,0,0,0,0.0,0
10.783,-0.7000000000000001,0,-2.63,0,0,0,0.0,0
10.784,-0.7000000000000001,0,-2.63,0,0,0,0.0,0
10.785,-0.7000000000000001,0,-2.63,0,0,0,0.0,0
10.786,-0.7000000000000001,0,-2.63,0,0,0,0.0,0
10.786,-0.7000000000000001,0,-2.63,0,0,0,0.0,0
10.787,-0.7000000000000001,0,-2.63,0,0,0,0.0,0
10.788,-0.7000000000000001,0,-2.63,0,0,0,0.0,0
10.788,-0.7000000000000001,0,-2.63,0,0,0,0.0,0
10.789,-0.7000000000000001,0,-2.63,0,0,0,0.0,0
10.79,-0.7000000000000001,0,-2.63,0,0,0,0.0,0
10.79,-0.7000000000000001,0,-2.63,0,0,0,0.0,0
10.791,-0.7000000000000001,0,-2.63,0,0,0,0.0,0
10.792,-0.7000000000000001,0,-2.63,0,0,0,0.0,0
10.792,-0.7000000000000001,0,-2.63,0,0,0,0.0,0
10.793,-0.7000000000000001,0,-2.63,0,0,0,0.0,0
10.793,-0.7000000000000001,0,-2.63,0,0,0,0.0,0
10.794,-0.7000000000000001,0,-2.63,0,0,0,0.0,0
10.795,-0.7000000000000001,0,-2.63,0,0,0,0.0,0
10.796,-0.7000000000000001,0,-2.63,0,0,0,0.0,0
10.796,-0.7000000000000001,0,-2.63,0,0,0,0.0,0
10.797,-0.7000000000000001,0,-2.63,0,0,0,0.0,0
10.798,-0.7000000000000001,0,-2.63,0,0,0,0.0,0
10.799,-0.7000000000000001,0,-2.63,0,0,0,0.0,0
10.8,-0.7000000000000001,0,-2.63,0,0,0,0.0,0
10.805,-0.7000000000000001,0,-2.63,0,0,0,0.0,0
10.809,-0.7000000000000001,0,-2.63,0,0,0,0.0,0
10.812,-0.7000000000000001,0,-2.81,0,0,0,0.0,0
10.815,-0.7000000000000001,0,-2.81,0,0,0,0.0,0
10.817,-0.7000000000000001,0,-2.81,0,0,0,0.0,0
10.82,-0.7000000000000001,0,-2.81,0,0,0,0.0,0
10.822,-0.7000000000000001,0,-2.81,0,0,0,0.0,0
10.824,-0.7000000000000001,0,-2.81,0,0,0,0.0,0
10.826,-0.7000000000000001,0,-2.81,0,0,0,0.0,0
10.829,-0.7000000000000001,0,-2.81,0,0,0,0.0,0
10.831,-0.7000000000000001,0,-2.81,0,0,0,0.0,0
10.834,-0.7000000000000001,0,-2.81,0,0,0,0.0,0
10.844,-0.7000000000000001,0,-2.81,0,0,0,0.0,0
10.859,-0.7000000000000001,0,-2.81,0,0,0,0.0,0
10.872,-0.7000000000000001,0,-2.81,0,0,0,0.0,0
10.88,-0.7000000000000001,0,-2.81,0,0,0,0.0,0
10.889,-0.7000000000000001,0,-2.81,0,0,0,0.0,0
10.891,-0.7000000000000001,0,-2.81,0,0,0,0.0,0
10.893,-0.7000000000000001,0,-2.81,0,0,0,0.0,0
10.894,-0.7000000000000001,0,-2.81,0,0,0,0.0,0
10.897,-0.7000000000000001,0,-2.81,0,0,0,0.0,0
10.899,-0.7000000000000001,0,-2.81,0,0,0,0.0,0
10.901,-0.7000000000000001,0,-2.81,0,0,0,0.0,0
10.902,-0.7000000000000001,0,-2.81,0,0,0,0.0,0
10.904,-0.7000000000000001,0,-2.81,0,0,0,0.0,0
10.905,-0.7000000000000001,0,-2.81,0,0,0,0.0,0
10.907,-0.7000000000000001,0,-2.81,0,0,0,0.0,0
10.909,-0.7000000000000001,0,-2.81,0,0,0,0.0,0
10.924,-0.7000000000000001,0,-2.81,0,0,0,0.0,0
10.93,-0.7000000000000001,0,-2.98,0,0,0,0.0,0
10.933,-0.7000000000000001,0,-2.98,0,0,0,0.0,0
10.949,-0.7000000000000001,0,-2.98,0,0,0,0.0,0
10.956,-0.7000000000000001,0,-2.98,0,0,0,0.0,0
10.974,-0.7000000000000001,0,-2.81,0,0,0,0.0,0
11.003,-0.7000000000000001,0,-2.81,0,0,0,0.0,0
11.019,-0.7000000000000001,0,-2.81,0,0,0,0.0,0
11.036,-0.7000000000000001,0,-2.81,0,0,0,0.0,0
11.042,-0.7000000000000001,0,-2.81,0,0,0,0.0,0
11.044,-0.7000000000000001,0,-2.63,0,0,0,0.0,0
11.055,-0.7000000000000001,0,-2.63,0,0,0,0.0,0
11.065,-0.7000000000000001,0,-2.63,0,0,0,0.0,0
11.079,-0.7000000000000001,0,-2.63,0,0,0,0.0,0
11.103,-0.7000000000000001,0,-2.63,0,0,0,0.0,0
11.121,-0.7000000000000001,0,-2.63,0,0,0,0.0,0
11.139,-0.7000000000000001,0,-2.63,0,0,0,0.0,0
11.166,-0.7000000000000001,0,-2.63,0,0,0,0.0,0
11.177,-0.7000000000000001,0,-2.46,0,0,0,0.0,0
11.18,-0.7000000000000001,0,-2.46,0,0,0,0.0,0
11.182,-0.7000000000000001,0,-2.46,0,0,0,0.0,0
11.183,-0.7000000000000001,0,-2.46,0,0,0,0.0,0
11.185,-0.7000000000000001,0,-2.46,0,0,0,0.0,0
11.186,-0.7000000000000001,0,-2.46,0,0,0,0.0,0
11.187,-0.7000000000000001,0,-2.46,0,0,0,0.0,0
11.189,-0.7000000000000001,0,-2.46,0,0,0,0.0,0
11.19,-0.7000000000000001,0,-2.46,0,0,0,0.0,0
11.191,-0.7000000000000001,0,-2.46,0,0,0,0.0,0
11.193,-0.7000000000000001,0,-2.46,0,0,0,0.0,0
11.194,-0.7000000000000001,0,-2.46,0,0,0,0.0,0
11.196,-0.7000000000000001,0,-2.46,0,0,0,0.0,0
11.197,-0.7000000000000001,0,-2.46,0,0,0,0.0,0
11.199,-0.7000000000000001,0,-2.46,0,0,0,0.0,0
11.2,-0.7000000000000001,0,-2.46,0,0,0,0.0,0
11.202,-0.7000000000000001,0,-2.46,0,0,0,0.0,0
11.203,-0.7000000000000001,0,-2.46,0,0,0,0.0,0
11.205,-0.7000000000000001,0,-2.46,0,0,0,0.0,0
11.207,-0.7000000000000001,0,-2.46,0,0,0,0.0,0
11.208,-0.7000000000000001,0,-2.46,0,0,0,0.0,0
11.21,-0.7000000000000001,0,-2.46,0,0,0,0.0,0
11.211,-0.7000000000000001,0,-2.46,0,0,0,0.0,0
11.213,-0.7000000000000001,0,-2.46,0,0,0,0.0,0
11.215,-0.7000000000000001,0,-2.46,0,0,0,0.0,0
11.216,-0.7000000000000001,0,-2.46,0,0,0,0.0,0
11.217,-0.7000000000000001,0,-2.46,0,0,0,0.0,0
11.218,-0.7000000000000001,0,-2.46,0,0,0,0.0,0
11.219,-0.7000000000000001,0,-2.46,0,0,0,0.0,0
11.221,-0.7000000000000001,0,-2.46,0,0,0,0.0,0
11.222,-0.7000000000000001,0,-2.46,0,0,0,0.0,0
11.223,-0.7000000000000001,0,-2.46,0,0,0,0.0,0
11.224,-0.7000000000000001,0,-2.46,0,0,0,0.0,0
11.226,-0.7000000000000001,0,-2.46,0,0,0,0.0,0
11.227,-0.7000000000000001,0,-2.46,0,0,0,0.0,0
11.228,-0.7000000000000001,0,-2.46,0,0,0,0.0,0
11.229,-0.7000000000000001,0,-2.46,0,0,0,0.0,0
11.231,-0.7000000000000001,0,-2.46,0,0,0,0.0,0
11.232,-0.7000000000000001,0,-2.46,0,0,0,0.0,0
11.232,-0.7000000000000001,0,-2.46,0,0,0,0.0,0
11.235,-0.7000000000000001,0,-2.46,0,0,0,0.0,0
11.247,-0.7000000000000001,0,-2.46,0,0,0,0.0,0
11.261,-0.7000000000000001,0,-2.46,0,0,0,0.0,0
11.276,-0.7000000000000001,0,-2.46,0,0,0,0.0,0
11.284,-0.7000000000000001,0,-2.63,0,0,0,0.0,0
11.292,-0.7000000000000001,0,-2.63,0,0,0,0.0,0
11.307,-0.7000000000000001,0,-2.63,0,0,0,0.0,0
11.319,-0.7000000000000001,0,-2.63,0,0,0,0.0,0
11.329,-0.7000000000000001,0,-2.63,0,0,0,0.0,0
11.335,-0.7000000000000001,0,-2.63,0,0,0,0.0,0
11.342,-0.7000000000000001,0,-2.63,0,0,0,0.0,0
11.357,-0.7000000000000001,0,-2.63,0,0,0,0.0,0
11.365,-0.7000000000000001,0,-2.63,0,0,0,0.0,0
11.37,-0.7000000000000001,0,-2.63,0,0,0,0.0,0
11.376,-0.7000000000000001,0,-2.63,0,0,0,0.0,0
11.386,-0.7000000000000001,0,-2.63,0,0,0,0.0,0
11.389,-0.7000000000000001,0,-2.81,0,0,0,0.0,0
11.399,-0.7000000000000001,0,-2.81,0,0,0,0.0,0
11.406,-0.7000000000000001,0,-2.81,0,0,0,0.0,0
11.41,-0.7000000000000001,0,-2.81,0,0,0,0.0,0
11.411,-0.7000000000000001,0,-2.81,0,0,0,0.0,0
11.411,-0.7000000000000001,0,-2.81,0,0,0,0.0,0
11.412,-0.7000000000000001,0,-2.81,0,0,0,0.0,0
11.412,-0.7000000000000001,0,-2.81,0,0,0,0.0,0
11.414,-0.7000000000000001,0,-2.81,0,0,0,0.0,0
11.414,-0.7000000000000001,0,-2.81,0,0,0,0.0,0
11.415,-0.7000000000000001,0,-2.81,0,0,0,0.0,0
11.415,-0.7000000000000001,0,-2.81,0,0,0,0.0,0
11.416,-0.7000000000000001,0,-2.81,0,0,0,0.0,0
11.416,-0.7000000000000001,0,-2.81,0,0,0,0.0,0
11.417,-0.7000000000000001,0,-2.81,0,0,0,0.0,0
11.418,-0.7000000000000001,0,-2.81,0,0,0,0.0,0
11.418,-0.7000000000000001,0,-2.81,0,0,0,0.0,0
11.419,-0.7000000000000001,0,-2.81,0,0,0,0.0,0
11.419,-0.7000000000000001,0,-2.81,0,0,0,0.0,0
11.42,-0.7000000000000001,0,-2.81,0,0,0,0.0,0
11.421,-0.7000000000000001,0,-2.81,0,0,0,0.0,0
11.421,-0.7000000000000001,0,-2.81,0,0,0,0.0,0
11.422,-0.7000000000000001,0,-2.81,0,0,0,0.0,0
11.423,-0.7000000000000001,0,-2.81,0,0,0,0.0,0
11.423,-0.7000000000000001,0,-2.81,0,0,0,0.0,0
11.424,-0.7000000000000001,0,-2.81,0,0,0,0.0,0
11.425,-0.7000000000000001,0,-2.81,0,0,0,0.0,0
11.426,-0.7000000000000001,0,-2.81,0,0,0,0.0,0
11.427,-0.7000000000000001,0,-2.81,0,0,0,0.0,0
11.428,-0.7000000000000001,0,-2.81,0,0,0,0.0,0
11.429,-0.7000000000000001,0,-2.81,0,0,0,0.0,0
11.43,-0.7000000000000001,0,-2.81,0,0,0,0.0,0
11.431,-0.7000000000000001,0,-2.81,0,0,0,0.0,0
11.432,-0.7000000000000001,0,-2.81,0,0,0,0.0,0
11.433,-0.7000000000000001,0,-2.81,0,0,0,0.0,0
11.433,-0.7000000000000001,0,-2.81,0,0,0,0.0,0
11.435,-0.7000000000000001,0,-2.81,0,0,0,0.0,0
11.436,-0.7000000000000001,0,-2.81,0,0,0,0.0,0
11.437,-0.7000000000000001,0,-2.81,0,0,0,0.0,0
11.438,-0.7000000000000001,0,-2.81,0,0,0,0.0,0
11.44,-0.7000000000000001,0,-2.81,0,0,0,0.0,0
11.441,-0.7000000000000001,0,-2.81,0,0,0,0.0,0
11.442,-0.7000000000000001,0,-2.81,0,0,0,0.0,0
11.443,-0.7000000000000001,0,-2.81,0,0,0,0.0,0
11.444,-0.7000000000000001,0,-2.81,0,0,0,0.0,0
11.445,-0.7000000000000001,0,-2.81,0,0,0,0.0,0
11.446,-0.7000000000000001,0,-2.81,0,0,0,0.0,0
11.447,-0.7000000000000001,0,-2.81,0,0,0,0.0,0
11.448,-0.7000000000000001,0,-2.81,0,0,0,0.0,0
11.449,-0.7000000000000001,0,-2.81,0,0,0,0.0,0
11.45,-0.7000000000000001,0,-2.81,0,0,0,0.0,0
11.451,-0.7000000000000001,0,-2.81,0,0,0,0.0,0
11.452,-0.7000000000000001,0,-2.81,0,0,0,0.0,0
11.453,-0.7000000000000001,0,-2.81,0,0,0,0.0,0
11.461,-0.7000000000000001,0,-2.81,0,0,0,0.0,0
11.469,-0.7000000000000001,0,-2.81,0,0,0,0.0,0
11.478,-0.7000000000000001,0,-2.81,0,0,0,0.0,0
11.488,-0.7000000000000001,0,-2.81,0,0,0,0.0,0
11.498,-0.7000000000000001,0,-2.81,0,0,0,0.0,0
11.511,-0.7000000000000001,0,-2.81,0,0,0,0.0,0
11.52,-0.7000000000000001,0,-2.81,0,0,0,0.0,0
11.525,-0.7000000000000001,0,-2.81,0,0,0,0.0,0
11.527,-0.7000000000000001,0,-2.81,0,0,0,0.0,0
11.528,-0.7000000000000001,0,-2.81,0,0,0,0.0,0
11.529,-0.7000000000000001,0,-2.81,0,0,0,0.0,0
11.53,-0.7000000000000001,0,-2.81,0,0,0,0.0,0
11.545,-0.7000000000000001,0,-2.81,0,0,0,0.0,0
11.548,-0.7000000000000001,0,-2.81,0,0,0,0.0,0
11.549,-0.7000000000000001,0,-2.81,0,0,0,0.0,0
11.551,-0.7000000000000001,0,-2.81,0,0,0,0.0,0
11.552,-0.7000000000000001,0,-2.81,0,0,0,0.0,0
11.552,-0.7000000000000001,0,-2.81,0,0,0,0.0,0
11.554,-0.7000000000000001,0,-2.81,0,0,0,0.0,0
11.555,-0.7000000000000001,0,-2.81,0,0,0,0.0,0
11.556,-0.7000000000000001,0,-2.81,0,0,0,0.0,0
11.557,-0.7000000000000001,0,-2.81,0,0,0,0.0,0
11.558,-0.7000000000000001,0,-2.81,0,0,0,0.0,0
11.559,-0.7000000000000001,0,-2.81,0,0,0,0.0,0
11.56,-0.7000000000000001,0,-2.81,0,0,0,0.0,0
11.576,-0.7000000000000001,0,-2.81,0,0,0,0.0,0
11.582,-0.7000000000000001,0,-2.81,0,0,0,0.0,0
11.592,-0.7000000000000001,0,-2.63,0,0,0,0.0,0
11.601,-0.7000000000000001,0,-2.63,0,0,0,0.0,0
11.605,-0.7000000000000001,0,-2.63,0,0,0,0.0,0
11.606,-0.7000000000000001,0,-2.63,0,0,0,0.0,0
11.608,-0.7000000000000001,0,-2.63,0,0,0,0.0,0
11.609,-0.7000000000000001,0,-2.63,0,0,0,0.0,0
11.61,-0.7000000000000001,0,-2.63,0,0,0,0.0,0
11.619,-0.7000000000000001,0,-2.63,0,0,0,0.0,0
11.629,-0.7000000000000001,0,-2.63,0,0,0,0.0,0
11.641,-0.7000000000000001,0,-2.63,0,0,0,0.0,0
11.645,-0.7000000000000001,0,-2.63,0,0,0,0.0,0
11.647,-0.7000000000000001,0,-2.63,0,0,0,0.0,0
11.648,-0.7000000000000001,0,-2.63,0,0,0,0.0,0
11.65,-0.7000000000000001,0,-2.63,0,0,0,0.0,0
11.651,-0.7000000000000001,0,-2.63,0,0,0,0.0,0
11.652,-0.7000000000000001,0,-2.63,0,0,0,0.0,0
11.653,-0.7000000000000001,0,-2.63,0,0,0,0.0,0
11.655,-0.7000000000000001,0,-2.63,0,0,0,0.0,0
11.656,-0.7000000000000001,0,-2.63,0,0,0,0.0,0
11.658,-0.7000000000000001,0,-2.63,0,0,0,0.0,0
11.658,-0.7000000000000001,0,-2.63,0,0,0,0.0,0
11.661,-0.7000000000000001,0,-2.63,0,0,0,0.0,0
11.662,-0.7000000000000001,0,-2.63,0,0,0,0.0,0
11.663,-0.7000000000000001,0,-2.63,0,0,0,0.0,0
11.665,-0.7000000000000001,0,-2.63,0,0,0,0.0,0
11.666,-0.7000000000000001,0,-2.63,0,0,0,0.0,0
11.668,-0.7000000000000001,0,-2.63,0,0,0,0.0,0
11.668,-0.7000000000000001,0,-2.63,0,0,0,0.0,0
11.67,-0.7000000000000001,0,-2.63,0,0,0,0.0,0
11.671,-0.7000000000000001,0,-2.63,0,0,0,0.0,0
11.673,-0.7000000000000001,0,-2.63,0,0,0,0.0,0
11.675,-0.7000000000000001,0,-2.63,0,0,0,0.0,0
11.676,-0.7000000000000001,0,-2.63,0,0,0,0.0,0
11.676,-0.7000000000000001,0,-2.63,0,0,0,0.0,0
11.678,-0.7000000000000001,0,-2.63,0,0,0,0.0,0
11.679,-0.7000000000000001,0,-2.63,0,0,0,0.0,0
11.681,-0.7000000000000001,0,-2.63,0,0,0,0.0,0
11.682,-0.7000000000000001,0,-2.63,0,0,0,0.0,0
11.695,-0.7000000000000001,0,-2.63,0,0,0,0.0,0
11.707,-0.7000000000000001,0,-2.63,0,0,0,0.0,0
11.709,-0.7000000000000001,0,-2.63,0,0,0,0.0,0
11.712,-0.7000000000000001,0,-2.63,0,0,0,0.0,0
11.713,-0.7000000000000001,0,-2.63,0,0,0,0.0,0
11.715,-0.7000000000000001,0,-2.63,0,0,0,0.0,0
11.723,-0.7000000000000001,0,-2.63,0,0,0,0.0,0
11.726,-0.7000000000000001,0,-2.63,0,0,0,0.0,0
11.731,-0.7000000000000001,0,-2.63,0,0,0,0.0,0
11.735,-0.7000000000000001,0,-2.63,0,0,0,0.0,0
11.739,-0.7000000000000001,0,-2.63,0,0,0,0.0,0
11.747,-0.7000000000000001,0,-2.63,0,0,0,0.0,0
11.749,-0.7000000000000001,0,-2.63,0,0,0,0.0,0
11.759,-0.7000000000000001,0,-2.63,0,0,0,0.0,0
11.772,-0.7000000000000001,0,-2.63,0,0,0,0.0,0
11.779,-0.7000000000000001,0,-2.63,0,0,0,0.0,0
11.79,-0.7000000000000001,0,-2.63,0,0,0,0.0,0
11.796,-0.7000000000000001,0,-2.63,0,0,0,0.0,0
11.813,-0.7000000000000001,0,-2.63,0,0,0,0.0,0
11.825,-0.7000000000000001,0,-2.63,0,0,0,0.0,0
11.833,-0.7000000000000001,0,-2.63,0,0,0,0.0,0
11.846,-0.7000000000000001,0,-2.63,0,0,0,0.0,0
11.856,-0.7000000000000001,0,-2.63,0,0,0,0.0,0
11.858,-0.7000000000000001,0,-2.63,0,0,0,0.0,0
11.866,-0.7000000000000001,0,-2.63,0,0,0,0.0,0
11.873,-0.7000000000000001,0,-2.63,0,0,0,0.0,0
11.879,-0.7000000000000001,0,-2.63,0,0,0,0.0,0
11.882,-0.7000000000000001,0,-2.63,0,0,0,0.0,0
11.883,-0.7000000000000001,0,-2.63,0,0,0,0.0,0
11.885,-0.7000000000000001,0,-2.63,0,0,0,0.0,0
11.885,-0.7000000000000001,0,-2.63,0,0,0,0.0,0
11.886,-0.7000000000000001,0,-2.63,0,0,0,0.0,0
11.887,-0.7000000000000001,0,-2.63,0,0,0,0.0,0
11.889,-0.7000000000000001,0,-2.63,0,0,0,0.0,0
11.889,-0.7000000000000001,0,-2.63,0,0,0,0.0,0
11.89,-0.7000000000000001,0,-2.63,0,0,0,0.0,0
11.891,-0.7000000000000001,0,-2.63,0,0,0,0.0,0
11.891,-0.7000000000000001,0,-2.63,0,0,0,0.0,0
11.893,-0.7000000000000001,0,-2.63,0,0,0,0.0,0
11.894,-0.7000000000000001,0,-2.63,0,0,0,0.0,0
11.895,-0.7000000000000001,0,-2.63,0,0,0,0.0,0
11.895,-0.7000000000000001,0,-2.63,0,0,0,0.0,0
11.896,-0.7000000000000001,0,-2.63,0,0,0,0.0,0
11.897,-0.7000000000000001,0,-2.63,0,0,0,0.0,0
11.898,-0.7000000000000001,0,-2.63,0,0,0,0.0,0
11.898,-0.7000000000000001,0,-2.63,0,0,0,0.0,0
11.899,-0.7000000000000001,0,-2.63,0,0,0,0.0,0
11.9,-0.7000000000000001,0,-2.63,0,0,0,0.0,0
11.901,-0.7000000000000001,0,-2.63,0,0,0,0.0,0
11.902,-0.7000000000000001,0,-2.63,0,0,0,0.0,0
11.913,-0.7000000000000001,0,-2.63,0,0,0,0.0,0
11.915,-0.7000000000000001,0,-2.63,0,0,0,0.0,0
11.918,-0.7000000000000001,0,-2.63,0,0,0,0.0,0
11.923,-0.7000000000000001,0,-2.63,0,0,0,0.0,0
11.925,-0.7000000000000001,0,-2.63,0,0,0,0.0,0
11.926,-0.7000000000000001,0,-2.63,0,0,0,0.0,0
11.928,-0.7000000000000001,0,-2.63,0,0,0,0.0,0
11.929,-0.7000000000000001,0,-2.63,0,0,0,0.0,0
11.933,-0.7000000000000001,0,-2.63,0,0,0,0.0,0
11.935,-0.7000000000000001,0,-2.63,0,0,0,0.0,0
11.942,-0.7000000000000001,0,-2.63,0,0,0,0.0,0
11.953,-0.7000000000000001,0,-2.63,0,0,0,0.0,0
11.957,-0.7000000000000001,0,-2.63,0,0,0,0.0,0
11.958,-0.7000000000000001,0,-2.63,0,0,0,0.0,0
11.959,-0.7000000000000001,0,-2.63,0,0,0,0.0,0
11.96,-0.7000000000000001,0,-2.63,0,0,0,0.0,0
11.961,-0.7000000000000001,0,-2.63,0,0,0,0.0,0
11.962,-0.7000000000000001,0,-2.63,0,0,0,0.0,0
11.963,-0.7000000000000001,0,-2.63,0,0,0,0.0,0
11.964,-0.7000000000000001,0,-2.63,0,0,0,0.0,0
11.965,-0.7000000000000001,0,-2.63,0,0,0,0.0,0
11.966,-0.7000000000000001,0,-2.63,0,0,0,0.0,0
11.967,-0.7000000000000001,0,-2.63,0,0,0,0.0,0
11.969,-0.7000000000000001,0,-2.63,0,0,0,0.0,0
11.97,-0.7000000000000001,0,-2.63,0,0,0,0.0,0
11.971,-0.7000000000000001,0,-2.81,0,0,0,0.0,0
11.973,-0.7000000000000001,0,-2.81,0,0,0,0.0,0
11.974,-0.7000000000000001,0,-2.81,0,0,0,0.0,0
11.975,-0.7000000000000001,0,-2.81,0,0,0,0.0,0
11.976,-0.7000000000000001,0,-2.81,0,0,0,0.0,0
11.977,-0.7000000000000001,0,-2.81,0,0,0,0.0,0
11.978,-0.7000000000000001,0,-2.81,0,0,0,0.0,0
11.979,-0.7000000000000001,0,-2.81,0,0,0,0.0,0
11.98,-0.7000000000000001,0,-2.81,0,0,0,0.0,0
11.981,-0.7000000000000001,0,-2.81,0,0,0,0.0,0
11.982,-0.7000000000000001,0,-2.81,0,0,0,0.0,0
11.983,-0.7000000000000001,0,-2.81,0,0,0,0.0,0
11.985,-0.7000000000000001,0,-2.81,0,0,0,0.0,0
11.986,-0.7000000000000001,0,-2.81,0,0,0,0.0,0
11.987,-0.7000000000000001,0,-2.81,0,0,0,0.0,0
11.988,-0.7000000000000001,0,-2.81,0,0,0,0.0,0
11.989,-0.7000000000000001,0,-2.81,0,0,0,0.0,0
11.99,-0.7000000000000001,0,-2.81,0,0,0,0.0,0
11.991,-0.7000000000000001,0,-2.81,0,0,0,0.0,0
11.992,-0.7000000000000001,0,-2.81,0,0,0,0.0,0
11.993,-0.7000000000000001,0,-2.81,0,0,0,0.0,0
11.994,-0.7000000000000001,0,-2.81,0,0,0,0.0,0
11.995,-0.7000000000000001,0,-2.81,0,0,0,0.0,0
11.996,-0.7000000000000001,0,-2.81,0,0,0,0.0,0
12.007,-0.7000000000000001,0,-2.81,0,0,0,0.0,0
12.012,-0.7000000000000001,0,-2.81,0,0,0,0.0,0
12.017,-0.7000000000000001,0,-2.81,0,0,0,0.0,0
12.026,-0.7000000000000001,0,-2.81,0,0,0,0.0,0
12.035,-0.7000000000000001,0,-2.81,0,0,0,0.0,0
12.044,-0.7000000000000001,0,-2.81,0,0,0,0.0,0
12.054,-0.7000000000000001,0,-2.81,0,0,0,0.0,0
12.062,-0.7000000000000001,0,-2.81,0,0,0,0.0,0
12.063,-0.7000000000000001,0,-2.81,0,0,0,0.0,0
12.065,-0.7000000000000001,0,-2.81,0,0,0,0.0,0
12.066,-0.7000000000000001,0,-2.81,0,0,0,0.0,0
12.067,-0.7000000000000001,0,-2.81,0,0,0,0.0,0
12.068,-0.7000000000000001,0,-2.81,0,0,0,0.0,0
12.07,-0.7000000000000001,0,-2.81,0,0,0,0.0,0
12.071,-0.7000000000000001,0,-2.81,0,0,0,0.0,0
12.072,-0.7000000000000001,0,-2.81,0,0,0,0.0,0
12.073,-0.7000000000000001,0,-2.81,0,0,0,0.0,0
12.075,-0.7000000000000001,0,-2.81,0,0,0,0.0,0
12.076,-0.7000000000000001,0,-2.81,0,0,0,0.0,0
12.077,-0.7000000000000001,0,-2.81,0,0,0,0.0,0
12.078,-0.7000000000000001,0,-2.81,0,0,0,0.0,0
12.079,-0.7000000000000001,0,-2.81,0,0,0,0.0,0
12.08,-0.7000000000000001,0,-2.81,0,0,0,0.0,0
12.081,-0.7000000000000001,0,-2.81,0,0,0,0.0,0
12.082,-0.7000000000000001,0,-2.81,0,0,0,0.0,0
12.083,-0.7000000000000001,0,-2.81,0,0,0,0.0,0
12.084,-0.7000000000000001,0,-2.81,0,0,0,0.0,0
12.085,-0.7000000000000001,0,-2.81,0,0,0,0.0,0
12.086,-0.7000000000000001,0,-2.81,0,0,0,0.0,0
12.087,-0.7000000000000001,0,-2.81,0,0,0,0.0,0
12.088,-0.7000000000000001,0,-2.81,0,0,0,0.0,0
12.089,-0.7000000000000001,0,-2.81,0,0,0,0.0,0
12.09,-0.7000000000000001,0,-2.81,0,0,0,0.0,0
12.091,-0.7000000000000001,0,-2.81,0,0,0,0.0,0
12.092,-0.7000000000000001,0,-2.81,0,0,0,0.0,0
12.093,-0.7000000000000001,0,-2.81,0,0,0,0.0,0
12.094,-0.7000000000000001,0,-2.81,0,0,0,0.0,0
12.096,-0.7000000000000001,0,-2.81,0,0,0,0.0,0
12.097,-0.7000000000000001,0,-2.81,0,0,0,0.0,0
12.098,-0.7000000000000001,0,-2.81,0,0,0,0.0,0
12.099,-0.7000000000000001,0,-2.81,0,0,0,0.0,0
12.1,-0.7000000000000001,0,-2.81,0,0,0,0.0,0
12.101,-0.7000000000000001,0,-2.81,0,0,0,0.0,0
12.102,-0.7000000000000001,0,-2.81,0,0,0,0.0,0
12.104,-0.7000000000000001,0,-2.81,0,0,0,0.0,0
12.105,-0.7000000000000001,0,-2.81,0,0,0,0.0,0
12.106,-0.7000000000000001,0,-2.81,0,0,0,0.0,0
12.106,-0.7000000000000001,0,-2.81,0,0,0,0.0,0
12.108,-0.7000000000000001,0,-2.81,0,0,0,0.0,0
12.109,-0.7000000000000001,0,-2.81,0,0,0,0.0,0
12.11,-0.7000000000000001,0,-2.81,0,0,0,0.0,0
12.111,-0.7000000000000001,0,-2.81,0,0,0,0.0,0
12.112,-0.7000000000000001,0,-2.81,0,0,0,0.0,0
12.113,-0.7000000000000001,0,-2.81,0,0,0,0.0,0
12.114,-0.7000000000000001,0,-2.81,0,0,0,0.0,0
12.115,-0.7000000000000001,0,-2.81,0,0,0,0.0,0
12.116,-0.7000000000000001,0,-2.81,0,0,0,0.0,0
12.117,-0.7000000000000001,0,-2.81,0,0,0,0.0,0
12.118,-0.7000000000000001,0,-2.81,0,0,0,0.0,0
12.119,-0.7000000000000001,0,-2.81,0,0,0,0.0,0
12.12,-0.7000000000000001,0,-2.81,0,0,0,0.0,0
12.135,-0.7000000000000001,0,-2.81,0,0,0,0.0,0
12.137,-0.7000000000000001,0,-2.63,0,0,0,0.0,0
12.14,-0.7000000000000001,0,-2.63,0,0,0,0.0,0
12.144,-0.7000000000000001,0,-2.63,0,0,0,0.0,0
12.146,-0.7000000000000001,0,-2.63,0,0,0,0.0,0
12.149,-0.7000000000000001,0,-2.63,0,0,0,0.0,0
12.15,-0.7000000000000001,0,-2.63,0,0,0,0.0,0
12.155,-0.7000000000000001,0,-2.63,0,0,0,0.0,0
12.158,-0.7000000000000001,0,-2.63,0,0,0,0.0,0
12.162,-0.7000000000000001,0,-2.63,0,0,0,0.0,0
12.163,-0.7000000000000001,0,-2.63,0,0,0,0.0,0
12.164,-0.7000000000000001,0,-2.63,0,0,0,0.0,0
12.165,-0.7000000000000001,0,-2.63,0,0,0,0.0,0
12.166,-0.7000000000000001,0,-2.63,0,0,0,0.0,0
12.166,-0.7000000000000001,0,-2.63,0,0,0,0.0,0
12.167,-0.7000000000000001,0,-2.63,0,0,0,0.0,0
12.168,-0.7000000000000001,0,-2.63,0,0,0,0.0,0
12.168,-0.7000000000000001,0,-2.63,0,0,0,0.0,0
12.169,-0.7000000000000001,0,-2.63,0,0,0,0.0,0
12.17,-0.7000000000000001,0,-2.63,0,0,0,0.0,0
12.17,-0.7000000000000001,0,-2.63,0,0,0,0.0,0
12.171,-0.7000000000000001,0,-2.63,0,0,0,0.0,0
12.172,-0.7000000000000001,0,-2.63,0,0,0,0.0,0
12.173,-0.7000000000000001,0,-2.63,0,0,0,0.0,0
12.174,-0.7000000000000001,0,-2.63,0,0,0,0.0,0
12.175,-0.7000000000000001,0,-2.63,0,0,0,0.0,0
12.176,-0.7000000000000001,0,-2.63,0,0,0,0.0,0
12.178,-0.7000000000000001,0,-2.63,0,0,0,0.0,0
12.179,-0.7000000000000001,0,-2.63,0,0,0,0.0,0
12.179,-0.7000000000000001,0,-2.63,0,0,0,0.0,0
12.18,-0.7000000000000001,0,-2.63,0,0,0,0.0,0
12.181,-0.7000000000000001,0,-2.63,0,0,0,0.0,0
12.181,-0.7000000000000001,0,-2.63,0,0,0,0.0,0
12.182,-0.7000000000000001,0,-2.63,0,0,0,0.0,0
12.182,-0.7000000000000001,0,-2.63,0,0,0,0.0,0
12.183,-0.7000000000000001,0,-2.63,0,0,0,0.0,0
12.184,-0.7000000000000001,0,-2.63,0,0,0,0.0,0
12.185,-0.7000000000000001,0,-2.63,0,0,0,0.0,0
12.186,-0.7000000000000001,0,-2.63,0,0,0,0.0,0
12.187,-0.7000000000000001,0,-2.63,0,0,0,0.0,0
12.187,-0.7000000000000001,0,-2.63,0,0,0,0.0,0
12.188,-0.7000000000000001,0,-2.63,0,0,0,0.0,0
12.189,-0.7000000000000001,0,-2.63,0,0,0,0.0,0
12.19,-0.7000000000000001,0,-2.63,0,0,0,0.0,0
12.19,-0.7000000000000001,0,-2.63,0,0,0,0.0,0
12.191,-0.7000000000000001,0,-2.63,0,0,0,0.0,0
12.191,-0.7000000000000001,0,-2.63,0,0,0,0.0,0
12.192,-0.7000000000000001,0,-2.63,0,0,0,0.0,0
12.192,-0.7000000000000001,0,-2.63,0,0,0,0.0,0
12.193,-0.7000000000000001,0,-2.63,0,0,0,0.0,0
12.193,-0.7000000000000001,0,-2.63,0,0,0,0.0,0
12.193,-0.7000000000000001,0,-2.63,0,0,0,0.0,0
12.194,-0.7000000000000001,0,-2.63,0,0,0,0.0,0
12.194,-0.7000000000000001,0,-2.63,0,0,0,0.0,0
12.195,-0.7000000000000001,0,-2.63,0,0,0,0.0,0
12.195,-0.7000000000000001,0,-2.63,0,0,0,0.0,0
12.196,-0.7000000000000001,0,-2.63,0,0,0,0.0,0
12.196,-0.7000000000000001,0,-2.63,0,0,0,0.0,0
12.196,-0.7000000000000001,0,-2.63,0,0,0,0.0,0
12.198,-0.7000000000000001,0,-2.63,0,0,0,0.0,0
12.198,-0.7000000000000001,0,-2.63,0,0,0,0.0,0
12.199,-0.7000000000000001,0,-2.63,0,0,0,0.0,0
12.2,-0.7000000000000001,0,-2.63,0,0,0,0.0,0
12.201,-0.7000000000000001,0,-2.63,0,0,0,0.0,0
12.201,-0.7000000000000001,0,-2.63,0,0,0,0.0,0
12.202,-0.7000000000000001,0,-2.63,0,0,0,0.0,0
12.203,-0.7000000000000001,0,-2.63,0,0,0,0.0,0
12.204,-0.7000000000000001,0,-2.63,0,0,0,0.0,0
12.204,-0.7000000000000001,0,-2.63,0,0,0,0.0,0
12.205,-0.7000000000000001,0,-2.63,0,0,0,0.0,0
12.206,-0.7000000000000001,0,-2.63,0,0,0,0.0,0
12.207,-0.7000000000000001,0,-2.63,0,0,0,0.0,0
12.207,-0.7000000000000001,0,-2.63,0,0,0,0.0,0
12.208,-0.7000000000000001,0,-2.63,0,0,0,0.0,0
12.209,-0.7000000000000001,0,-2.63,0,0,0,0.0,0
12.21,-0.7000000000000001,0,-2.63,0,0,0,0.0,0
12.211,-0.7000000000000001,0,-2.63,0,0,0,0.0,0
12.211,-0.7000000000000001,0,-2.63,0,0,0,0.0,0
12.212,-0.7000000000000001,0,-2.63,0,0,0,0.0,0
12.213,-0.7000000000000001,0,-2.63,0,0,0,0.0,0
12.213,-0.7000000000000001,0,-2.63,0,0,0,0.0,0
12.214,-0.7000000000000001,0,-2.63,0,0,0,0.0,0
12.214,-0.7000000000000001,0,-2.63,0,0,0,0.0,0
12.215,-0.7000000000000001,0,-2.63,0,0,0,0.0,0
12.216,-0.7000000000000001,0,-2.63,0,0,0,0.0,0
12.217,-0.7000000000000001,0,-2.63,0,0,0,0.0,0
12.217,-0.7000000000000001,0,-2.63,0,0,0,0.0,0
12.218,-0.7000000000000001,0,-2.63,0,0,0,0.0,0
12.219,-0.7000000000000001,0,-2.63,0,0,0,0.0,0
12.219,-0.7000000000000001,0,-2.63,0,0,0,0.0,0
12.22,-0.7000000000000001,0,-2.63,0,0,0,0.0,0
12.221,-0.7000000000000001,0,-2.63,0,0,0,0.0,0
12.221,-0.7000000000000001,0,-2.63,0,0,0,0.0,0
12.222,-0.7000000000000001,0,-2.63,0,0,0,0.0,0
12.222,-0.7000000000000001,0,-2.63,0,0,0,0.0,0
12.223,-0.7000000000000001,0,-2.63,0,0,0,0.0,0
12.223,-0.7000000000000001,0,-2.63,0,0,0,0.0,0
12.223,-0.7000000000000001,0,-2.63,0,0,0,0.0,0
12.224,-0.7000000000000001,0,-2.63,0,0,0,0.0,0
12.224,-0.7000000000000001,0,-2.63,0,0,0,0.0,0
12.225,-0.7000000000000001,0,-2.63,0,0,0,0.0,0
12.225,-0.7000000000000001,0,-2.63,0,0,0,0.0,0
12.226,-0.7000000000000001,0,-2.63,0,0,0,0.0,0
12.226,-0.7000000000000001,0,-2.63,0,0,0,0.0,0
12.227,-0.7000000000000001,0,-2.63,0,0,0,0.0,0
12.227,-0.7000000000000001,0,-2.63,0,0,0,0.0,0
12.228,-0.7000000000000001,0,-2.63,0,0,0,0.0,0
12.228,-0.7000000000000001,0,-2.63,0,0,0,0.0,0
12.229,-0.7000000000000001,0,-2.63,0,0,0,0.0,0
12.236,-0.7000000000000001,0,-2.63,0,0,0,0.0,0
12.239,-0.7000000000000001,0,-2.63,0,0,0,0.0,0
12.24,-0.7000000000000001,0,-2.63,0,0,0,0.0,0
12.242,-0.7000000000000001,0,-2.63,0,0,0,0.0,0
12.243,-0.7000000000000001,0,-2.63,0,0,0,0.0,0
12.244,-0.7000000000000001,0,-2.63,0,0,0,0.0,0
12.246,-0.7000000000000001,0,-2.63,0,0,0,0.0,0
12.248,-0.7000000000000001,0,-2.63,0,0,0,0.0,0
12.25,-0.7000000000000001,0,-2.63,0,0,0,0.0,0
12.252,-0.7000000000000001,0,-2.63,0,0,0,0.0,0
12.253,-0.7000000000000001,0,-2.63,0,0,0,0.0,0
12.261,-0.7000000000000001,0,-2.63,0,0,0,0.0,0
12.264,-0.7000000000000001,0,-2.63,0,0,0,0.0,0
12.265,-0.7000000000000001,0,-2.63,0,0,0,0.0,0
12.266,-0.7000000000000001,0,-2.63,0,0,0,0.0,0
12.268,-0.7000000000000001,0,-2.63,0,0,0,0.0,0
12.268,-0.7000000000000001,0,-2.63,0,0,0,0.0,0
12.269,-0.7000000000000001,0,-2.63,0,0,0,0.0,0
12.269,-0.7000000000000001,0,-2.63,0,0,0,0.0,0
12.27,-0.7000000000000001,0,-2.63,0,0,0,0.0,0
12.27,-0.7000000000000001,0,-2.63,0,0,0,0.0,0
12.271,-0.7000000000000001,0,-2.63,0,0,0,0.0,0
12.271,-0.7000000000000001,0,-2.63,0,0,0,0.0,0
12.272,-0.7000000000000001,0,-2.63,0,0,0,0.0,0
12.272,-0.7000000000000001,0,-2.63,0,0,0,0.0,0
12.273,-0.7000000000000001,0,-2.63,0,0,0,0.0,0
12.273,-0.7000000000000001,0,-2.63,0,0,0,0.0,0
12.274,-0.7000000000000001,0,-2.63,0,0,0,0.0,0
12.274,-0.7000000000000001,0,-2.63,0,0,0,0.0,0
12.275,-0.7000000000000001,0,-2.63,0,0,0,0.0,0
12.275,-0.7000000000000001,0,-2.63,0,0,0,0.0,0
12.276,-0.7000000000000001,0,-2.63,0,0,0,0.0,0
12.278,-0.7000000000000001,0,-2.63,0,0,0,0.0,0
12.278,-0.7000000000000001,0,-2.63,0,0,0,0.0,0
12.279,-0.7000000000000001,0,-2.63,0,0,0,0.0,0
12.28,-0.7000000000000001,0,-2.63,0,0,0,0.0,0
12.281,-0.7000000000000001,0,-2.63,0,0,0,0.0,0
12.281,-0.7000000000000001,0,-2.63,0,0,0,0.0,0
12.282,-0.7000000000000001,0,-2.63,0,0,0,0.0,0
12.283,-0.7000000000000001,0,-2.63,0,0,0,0.0,0
12.284,-0.7000000000000001,0,-2.63,0,0,0,0.0,0
12.285,-0.7000000000000001,0,-2.63,0,0,0,0.0,0
12.286,-0.7000000000000001,0,-2.63,0,0,0,0.0,0
12.287,-0.7000000000000001,0,-2.63,0,0,0,0.0,0
12.287,-0.7000000000000001,0,-2.63,0,0,0,0.0,0
12.289,-0.7000000000000001,0,-2.63,0,0,0,0.0,0
12.289,-0.7000000000000001,0,-2.63,0,0,0,0.0,0
12.29,-0.7000000000000001,0,-2.63,0,0,0,0.0,0
12.291,-0.7000000000000001,0,-2.63,0,0,0,0.0,0
12.292,-0.7000000000000001,0,-2.63,0,0,0,0.0,0
12.293,-0.7000000000000001,0,-2.63,0,0,0,0.0,0
12.294,-0.7000000000000001,0,-2.63,0,0,0,0.0,0
12.295,-0.7000000000000001,0,-2.63,0,0,0,0.0,0
12.295,-0.7000000000000001,0,-2.63,0,0,0,0.0,0
12.296,-0.7000000000000001,0,-2.63,0,0,0,0.0,0
12.297,-0.7000000000000001,0,-2.63,0,0,0,0.0,0
12.298,-0.7000000000000001,0,-2.63,0,0,0,0.0,0
12.298,-0.7000000000000001,0,-2.63,0,0,0,0.0,0
12.299,-0.7000000000000001,0,-2.63,0,0,0,0.0,0
12.3,-0.7000000000000001,0,-2.63,0,0,0,0.0,0
12.301,-0.7000000000000001,0,-2.63,0,0,0,0.0,0
12.301,-0.7000000000000001,0,-2.63,0,0,0,0.0,0
12.302,-0.7000000000000001,0,-2.63,0,0,0,0.0,0
12.303,-0.7000000000000001,0,-2.63,0,0,0,0.0,0
12.303,-0.7000000000000001,0,-2.63,0,0,0,0.0,0
12.304,-0.7000000000000001,0,-2.63,0,0,0,0.0,0
12.305,-0.7000000000000001,0,-2.63,0,0,0,0.0,0
12.306,-0.7000000000000001,0,-2.63,0,0,0,0.0,0
12.306,-0.7000000000000001,0,-2.63,0,0,0,0.0,0
12.307,-0.7000000000000001,0,-2.63,0,0,0,0.0,0
12.391,-0.7000000000000001,0,-2.63,0,0,0,0.0,0
12.394,-0.7000000000000001,0,-2.63,0,0,0,0.0,0
12.398,-0.7000000000000001,0,-2.63,0,0,0,0.0,0
12.399,-0.7000000000000001,0,-2.63,0,0,0,0.0,0
12.4,-0.7000000000000001,0,-2.63,0,0,0,0.0,0
12.401,-0.7000000000000001,0,-2.63,0,0,0,0.0,0
12.401,-0.7000000000000001,0,-2.63,0,0,0,0.0,0
12.402,-0.7000000000000001,0,-2.63,0,0,0,0.0,0
12.403,-0.7000000000000001,0,-2.63,0,0,0,0.0,0
12.405,-0.7000000000000001,0,-2.63,0,0,0,0.0,0
12.406,-0.7000000000000001,0,-2.63,0,0,0,0.0,0
12.407,-0.7000000000000001,0,-2.63,0,0,0,0.0,0
12.408,-0.7000000000000001,0,-2.63,0,0,0,0.0,0
12.409,-0.7000000000000001,0,-2.63,0,0,0,0.0,0
12.41,-0.7000000000000001,0,-2.63,0,0,0,0.0,0
12.411,-0.7000000000000001,0,-2.63,0,0,0,0.0,0
12.412,-0.7000000000000001,0,-2.63,0,0,0,0.0,0
12.413,-0.7000000000000001,0,-2.63,0,0,0,0.0,0
12.415,-0.7000000000000001,0,-2.63,0,0,0,0.0,0
12.415,-0.7000000000000001,0,-2.63,0,0,0,0.0,0
12.416,-0.7000000000000001,0,-2.63,0,0,0,0.0,0
12.417,-0.7000000000000001,0,-2.63,0,0,0,0.0,0
12.418,-0.7000000000000001,0,-2.63,0,0,0,0.0,0
12.419,-0.7000000000000001,0,-2.63,0,0,0,0.0,0
12.42,-0.7000000000000001,0,-2.63,0,0,0,0.0,0
12.421,-0.7000000000000001,0,-2.63,0,0,0,0.0,0
12.422,-0.7000000000000001,0,-2.63,0,0,0,0.0,0
12.423,-0.7000000000000001,0,-2.63,0,0,0,0.0,0
12.424,-0.7000000000000001,0,-2.63,0,0,0,0.0,0
12.426,-0.7000000000000001,0,-2.63,0,0,0,0.0,0
12.427,-0.7000000000000001,0,-2.63,0,0,0,0.0,0
12.428,-0.7000000000000001,0,-2.63,0,0,0,0.0,0
12.429,-0.7000000000000001,0,-2.63,0,0,0,0.0,0
12.43,-0.7000000000000001,0,-2.63,0,0,0,0.0,0
12.431,-0.7000000000000001,0,-2.63,0,0,0,0.0,0
12.432,-0.7000000000000001,0,-2.63,0,0,0,0.0,0
12.433,-0.7000000000000001,0,-2.63,0,0,0,0.0,0
12.433,-0.7000000000000001,0,-2.63,0,0,0,0.0,0
12.434,-0.7000000000000001,0,-2.63,0,0,0,0.0,0
12.434,-0.7000000000000001,0,-2.63,0,0,0,0.0,0
12.436,-0.7000000000000001,0,-2.63,0,0,0,0.0,0
12.437,-0.7000000000000001,0,-2.63,0,0,0,0.0,0
12.438,-0.7000000000000001,0,-2.63,0,0,0,0.0,0
12.439,-0.7000000000000001,0,-2.63,0,0,0,0.0,0
12.44,-0.7000000000000001,0,-2.63,0,0,0,0.0,0
12.44,-0.7000000000000001,0,-2.63,0,0,0,0.0,0
12.441,-0.7000000000000001,0,-2.63,0,0,0,0.0,0
12.442,-0.7000000000000001,0,-2.63,0,0,0,0.0,0
12.443,-0.7000000000000001,0,-2.63,0,0,0,0.0,0
12.443,-0.7000000000000001,0,-2.63,0,0,0,0.0,0
12.444,-0.7000000000000001,0,-2.63,0,0,0,0.0,0
12.444,-0.7000000000000001,0,-2.63,0,0,0,0.0,0
12.456,-0.7000000000000001,0,-2.63,0,0,0,0.0,0
12.469,-0.7000000000000001,0,-2.63,0,0,0,0.0,0
12.477,-0.7000000000000001,0,-2.63,0,0,0,0.0,0
12.48,-0.7000000000000001,0,-2.63,0,0,0,0.0,0
12.483,-0.7000000000000001,0,-2.63,0,0,0,0.0,0
12.488,-0.7000000000000001,0,-2.63,0,0,0,0.0,0
12.501,-0.7000000000000001,0,-2.63,0,0,0,0.0,0
12.505,-0.7000000000000001,0,-2.63,0,0,0,0.0,0
12.506,-0.7000000000000001,0,-2.63,0,0,0,0.0,0
12.507,-0.7000000000000001,0,-2.63,0,0,0,0.0,0
12.509,-0.7000000000000001,0,-2.63,0,0,0,0.0,0
12.51,-0.7000000000000001,0,-2.63,0,0,0,0.0,0
12.511,-0.7000000000000001,0,-2.63,0,0,0,0.0,0
12.512,-0.7000000000000001,0,-2.63,0,0,0,0.0,0
12.513,-0.7000000000000001,0,-2.63,0,0,0,0.0,0
12.514,-0.7000000000000001,0,-2.63,0,0,0,0.0,0
12.515,-0.7000000000000001,0,-2.63,0,0,0,0.0,0
12.516,-0.7000000000000001,0,-2.63,0,0,0,0.0,0
12.517,-0.7000000000000001,0,-2.63,0,0,0,0.0,0
12.518,-0.7000000000000001,0,-2.63,0,0,0,0.0,0
12.519,-0.7000000000000001,0,-2.63,0,0,0,0.0,0
12.52,-0.7000000000000001,0,-2.63,0,0,0,0.0,0
12.521,-0.7000000000000001,0,-2.63,0,0,0,0.0,0
12.522,-0.7000000000000001,0,-2.63,0,0,0,0.0,0
12.523,-0.7000000000000001,0,-2.63,0,0,0,0.0,0
12.524,-0.7000000000000001,0,-2.63,0,0,0,0.0,0
12.525,-0.7000000000000001,0,-2.63,0,0,0,0.0,0
12.526,-0.7000000000000001,0,-2.63,0,0,0,0.0,0
12.527,-0.7000000000000001,0,-2.63,0,0,0,0.0,0
12.528,-0.7000000000000001,0,-2.63,0,0,0,0.0,0
12.529,-0.7000000000000001,0,-2.63,0,0,0,0.0,0
12.53,-0.7000000000000001,0,-2.63,0,0,0,0.0,0
12.531,-0.7000000000000001,0,-2.63,0,0,0,0.0,0
12.532,-0.7000000000000001,0,-2.63,0,0,0,0.0,0
12.533,-0.7000000000000001,0,-2.63,0,0,0,0.0,0
12.535,-0.7000000000000001,0,-2.63,0,0,0,0.0,0
12.535,-0.7000000000000001,0,-2.63,0,0,0,0.0,0
12.536,-0.7000000000000001,0,-2.63,0,0,0,0.0,0
12.537,-0.7000000000000001,0,-2.63,0,0,0,0.0,0
12.538,-0.7000000000000001,0,-2.63,0,0,0,0.0,0
12.539,-0.7000000000000001,0,-2.63,0,0,0,0.0,0
12.54,-0.7000000000000001,0,-2.63,0,0,0,0.0,0
12.541,-0.7000000000000001,0,-2.63,0,0,0,0.0,0
12.542,-0.7000000000000001,0,-2.63,0,0,0,0.0,0
12.543,-0.7000000000000001,0,-2.63,0,0,0,0.0,0
12.544,-0.7000000000000001,0,-2.63,0,0,0,0.0,0
12.545,-0.7000000000000001,0,-2.63,0,0,0,0.0,0
12.546,-0.7000000000000001,0,-2.63,0,0,0,0.0,0
12.547,-0.7000000000000001,0,-2.63,0,0,0,0.0,0
12.548,-0.7000000000000001,0,-2.63,0,0,0,0.0,0
12.549,-0.7000000000000001,0,-2.63,0,0,0,0.0,0
12.55,-0.7000000000000001,0,-2.63,0,0,0,0.0,0
12.551,-0.7000000000000001,0,-2.63,0,0,0,0.0,0
12.552,-0.7000000000000001,0,-2.63,0,0,0,0.0,0
12.553,-0.7000000000000001,0,-2.63,0,0,0,0.0,0
12.554,-0.7000000000000001,0,-2.63,0,0,0,0.0,0
12.555,-0.7000000000000001,0,-2.63,0,0,0,0.0,0
12.559,-0.7000000000000001,0,-2.63,0,0,0,0.0,0
12.567,-0.7000000000000001,0,-2.63,0,0,0,0.0,0
12.577,-0.7000000000000001,0,-2.63,0,0,0,0.0,0
12.583,-0.7000000000000001,0,-2.63,0,0,0,0.0,0
12.592,-0.7000000000000001,0,-2.63,0,0,0,0.0,0
12.597,-0.7000000000000001,0,-2.63,0,0,0,0.0,0
12.607,-0.7000000000000001,0,-2.63,0,0,0,0.0,0
12.619,-0.7000000000000001,0,-2.63,0,0,0,0.0,0
12.624,-0.7000000000000001,0,-2.63,0,0,0,0.0,0
12.626,-0.7000000000000001,0,-2.63,0,0,0,0.0,0
12.631,-0.7000000000000001,0,-2.63,0,0,0,0.0,0
12.632,-0.7000000000000001,0,-2.63,0,0,0,0.0,0
12.633,-0.7000000000000001,0,-2.63,0,0,0,0.0,0
12.634,-0.7000000000000001,0,-2.63,0,0,0,0.0,0
12.635,-0.7000000000000001,0,-2.63,0,0,0,0.0,0
12.636,-0.7000000000000001,0,-2.63,0,0,0,0.0,0
12.637,-0.7000000000000001,0,-2.63,0,0,0,0.0,0
12.638,-0.7000000000000001,0,-2.63,0,0,0,0.0,0
12.639,-0.7000000000000001,0,-2.63,0,0,0,0.0,0
12.64,-0.7000000000000001,0,-2.63,0,0,0,0.0,0
12.641,-0.7000000000000001,0,-2.63,0,0,0,0.0,0
12.642,-0.7000000000000001,0,-2.63,0,0,0,0.0,0
12.643,-0.7000000000000001,0,-2.63,0,0,0,0.0,0
12.644,-0.7000000000000001,0,-2.63,0,0,0,0.0,0
12.645,-0.7000000000000001,0,-2.63,0,0,0,0.0,0
12.646,-0.7000000000000001,0,-2.63,0,0,0,0.0,0
12.647,-0.7000000000000001,0,-2.63,0,0,0,0.0,0
12.648,-0.7000000000000001,0,-2.63,0,0,0,0.0,0
12.649,-0.7000000000000001,0,-2.63,0,0,0,0.0,0
12.65,-0.7000000000000001,0,-2.63,0,0,0,0.0,0
12.651,-0.7000000000000001,0,-2.63,0,0,0,0.0,0
12.652,-0.7000000000000001,0,-2.63,0,0,0,0.0,0
12.654,-0.7000000000000001,0,-2.63,0,0,0,0.0,0
12.655,-0.7000000000000001,0,-2.63,0,0,0,0.0,0
12.656,-0.7000000000000001,0,-2.63,0,0,0,0.0,0
12.657,-0.7000000000000001,0,-2.63,0,0,0,0.0,0
12.657,-0.7000000000000001,0,-2.63,0,0,0,0.0,0
12.658,-0.7000000000000001,0,-2.63,0,0,0,0.0,0
12.659,-0.7000000000000001,0,-2.63,0,0,0,0.0,0
12.66,-0.7000000000000001,0,-2.63,0,0,0,0.0,0
12.661,-0.7000000000000001,0,-2.63,0,0,0,0.0,0
12.662,-0.7000000000000001,0,-2.63,0,0,0,0.0,0
12.663,-0.7000000000000001,0,-2.63,0,0,0,0.0,0
12.664,-0.7000000000000001,0,-2.63,0,0,0,0.0,0
12.665,-0.7000000000000001,0,-2.63,0,0,0,0.0,0
12.679,-0.7000000000000001,0,-2.63,0,0,0,0.0,0
12.691,-0.7000000000000001,0,-2.63,0,0,0,0.0,0
12.699,-0.7000000000000001,0,-2.63,0,0,0,0.0,0
12.715,-0.7000000000000001,0,-2.63,0,0,0,0.0,0
12.721,-0.7000000000000001,0,-2.63,0,0,0,0.0,0
12.725,-0.7000000000000001,0,-2.63,0,0,0,0.0,0
12.726,-0.7000000000000001,0,-2.63,0,0,0,0.0,0
12.727,-0.7000000000000001,0,-2.63,0,0,0,0.0,0
12.729,-0.7000000000000001,0,-2.63,0,0,0,0.0,0
12.73,-0.7000000000000001,0,-2.63,0,0,0,0.0,0
12.731,-0.7000000000000001,0,-2.63,0,0,0,0.0,0
12.732,-0.7000000000000001,0,-2.63,0,0,0,0.0,0
12.734,-0.7000000000000001,0,-2.63,0,0,0,0.0,0
12.735,-0.7000000000000001,0,-2.63,0,0,0,0.0,0
12.736,-0.7000000000000001,0,-2.63,0,0,0,0.0,0
12.736,-0.7000000000000001,0,-2.63,0,0,0,0.0,0
12.738,-0.7000000000000001,0,-2.63,0,0,0,0.0,0
12.739,-0.7000000000000001,0,-2.63,0,0,0,0.0,0
12.74,-0.7000000000000001,0,-2.63,0,0,0,0.0,0
12.742,-0.7000000000000001,0,-2.63,0,0,0,0.0,0
12.743,-0.7000000000000001,0,-2.63,0,0,0,0.0,0
12.743,-0.7000000000000001,0,-2.63,0,0,0,0.0,0
12.745,-0.7000000000000001,0,-2.63,0,0,0,0.0,0
12.746,-0.7000000000000001,0,-2.63,0,0,0,0.0,0
12.747,-0.7000000000000001,0,-2.63,0,0,0,0.0,0
12.748,-0.7000000000000001,0,-2.63,0,0,0,0.0,0
12.749,-0.7000000000000001,0,-2.63,0,0,0,0.0,0
12.75,-0.7000000000000001,0,-2.63,0,0,0,0.0,0
12.751,-0.7000000000000001,0,-2.63,0,0,0,0.0,0
12.752,-0.7000000000000001,0,-2.63,0,0,0,0.0,0
12.753,-0.7000000000000001,0,-2.63,0,0,0,0.0,0
12.754,-0.7000000000000001,0,-2.63,0,0,0,0.0,0
12.755,-0.7000000000000001,0,-2.63,0,0,0,0.0,0
12.756,-0.7000000000000001,0,-2.63,0,0,0,0.0,0
12.758,-0.7000000000000001,0,-2.63,0,0,0,0.0,0
12.759,-0.7000000000000001,0,-2.63,0,0,0,0.0,0
12.76,-0.7000000000000001,0,-2.63,0,0,0,0.0,0
12.761,-0.7000000000000001,0,-2.63,0,0,0,0.0,0
12.764,-0.7000000000000001,0,-2.63,0,0,0,0.0,0
12.765,-0.7000000000000001,0,-2.63,0,0,0,0.0,0
12.766,-0.7000000000000001,0,-2.63,0,0,0,0.0,0
12.767,-0.7000000000000001,0,-2.63,0,0,0,0.0,0
12.768,-0.7000000000000001,0,-2.63,0,0,0,0.0,0
12.769,-0.7000000000000001,0,-2.63,0,0,0,0.0,0
12.77,-0.7000000000000001,0,-2.63,0,0,0,0.0,0
12.771,-0.7000000000000001,0,-2.63,0,0,0,0.0,0
12.772,-0.7000000000000001,0,-2.63,0,0,0,0.0,0
12.779,-0.7000000000000001,0,-2.63,0,0,0,0.0,0
12.784,-0.7000000000000001,0,-2.63,0,0,0,0.0,0
12.789,-0.7000000000000001,0,-2.63,0,0,0,0.0,0
12.795,-0.7000000000000001,0,-2.63,0,0,0,0.0,0
12.812,-0.7000000000000001,0,-2.63,0,0,0,0.0,0
12.819,-0.7000000000000001,0,-2.63,0,0,0,0.0,0
12.827,-0.7000000000000001,0,-2.63,0,0,0,0.0,0
12.847,-0.7000000000000001,0,-2.63,0,0,0,0.0,0
12.86,-0.7000000000000001,0,-2.63,0,0,0,0.0,0
12.866,-0.7000000000000001,0,-2.63,0,0,0,0.0,0
12.868,-0.7000000000000001,0,-2.63,0,0,0,0.0,0
12.869,-0.7000000000000001,0,-2.63,0,0,0,0.0,0
12.869,-0.7000000000000001,0,-2.63,0,0,0,0.0,0
12.871,-0.7000000000000001,0,-2.63,0,0,0,0.0,0
12.873,-0.7000000000000001,0,-2.63,0,0,0,0.0,0
12.874,-0.7000000000000001,0,-2.63,0,0,0,0.0,0
12.876,-0.7000000000000001,0,-2.63,0,0,0,0.0,0
12.877,-0.7000000000000001,0,-2.63,0,0,0,0.0,0
12.879,-0.7000000000000001,0,-2.63,0,0,0,0.0,0
12.881,-0.7000000000000001,0,-2.63,0,0,0,0.0,0
12.882,-0.7000000000000001,0,-2.63,0,0,0,0.0,0
12.884,-0.7000000000000001,0,-2.63,0,0,0,0.0,0
12.897,-0.7000000000000001,0,-2.63,0,0,0,0.0,0
12.907,-0.7000000000000001,0,-2.63,0,0,0,0.0,0
12.91,-0.7000000000000001,0,-2.63,0,0,0,0.0,0
12.913,-0.7000000000000001,0,-2.63,0,0,0,0.0,0
12.925,-0.7000000000000001,0,-2.63,0,0,0,0.0,0
12.93,-0.7000000000000001,0,-2.63,0,0,0,0.0,0
12.938,-0.7000000000000001,0,-2.63,0,0,0,0.0,0
12.939,-0.7000000000000001,0,-2.63,0,0,0,0.0,0
12.94,-0.7000000000000001,0,-2.63,0,0,0,0.0,0
12.941,-0.7000000000000001,0,-2.63,0,0,0,0.0,0
12.942,-0.7000000000000001,0,-2.63,0,0,0,0.0,0
12.943,-0.7000000000000001,0,-2.63,0,0,0,0.0,0
12.944,-0.7000000000000001,0,-2.63,0,0,0,0.0,0
12.946,-0.7000000000000001,0,-2.63,0,0,0,0.0,0
12.947,-0.7000000000000001,0,-2.63,0,0,0,0.0,0
12.948,-0.7000000000000001,0,-2.63,0,0,0,0.0,0
12.949,-0.7000000000000001,0,-2.63,0,0,0,0.0,0
12.95,-0.7000000000000001,0,-2.63,0,0,0,0.0,0
12.951,-0.7000000000000001,0,-2.63,0,0,0,0.0,0
12.952,-0.7000000000000001,0,-2.63,0,0,0,0.0,0
12.953,-0.7000000000000001,0,-2.63,0,0,0,0.0,0
12.954,-0.7000000000000001,0,-2.63,0,0,0,0.0,0
12.955,-0.7000000000000001,0,-2.63,0,0,0,0.0,0
12.956,-0.7000000000000001,0,-2.63,0,0,0,0.0,0
12.957,-0.7000000000000001,0,-2.63,0,0,0,0.0,0
12.958,-0.7000000000000001,0,-2.63,0,0,0,0.0,0
12.959,-0.7000000000000001,0,-2.63,0,0,0,0.0,0
12.96,-0.7000000000000001,0,-2.63,0,0,0,0.0,0
12.961,-0.7000000000000001,0,-2.63,0,0,0,0.0,0
12.962,-0.7000000000000001,0,-2.63,0,0,0,0.0,0
12.963,-0.7000000000000001,0,-2.63,0,0,0,0.0,0
12.964,-0.7000000000000001,0,-2.63,0,0,0,0.0,0
12.965,-0.7000000000000001,0,-2.63,0,0,0,0.0,0
12.966,-0.7000000000000001,0,-2.63,0,0,0,0.0,0
12.968,-0.7000000000000001,0,-2.63,0,0,0,0.0,0
12.969,-0.7000000000000001,0,-2.63,0,0,0,0.0,0
12.97,-0.7000000000000001,0,-2.63,0,0,0,0.0,0
12.971,-0.7000000000000001,0,-2.63,0,0,0,0.0,0
12.972,-0.7000000000000001,0,-2.63,0,0,0,0.0,0
12.973,-0.7000000000000001,0,-2.63,0,0,0,0.0,0
12.974,-0.7000000000000001,0,-2.63,0,0,0,0.0,0
12.975,-0.7000000000000001,0,-2.63,0,0,0,0.0,0
12.976,-0.7000000000000001,0,-2.63,0,0,0,0.0,0
12.977,-0.7000000000000001,0,-2.63,0,0,0,0.0,0
12.977,-0.7000000000000001,0,-2.63,0,0,0,0.0,0
12.979,-0.7000000000000001,0,-2.63,0,0,0,0.0,0
12.979,-0.7000000000000001,0,-2.63,0,0,0,0.0,0
12.981,-0.7000000000000001,0,-2.63,0,0,0,0.0,0
12.982,-0.7000000000000001,0,-2.63,0,0,0,0.0,0
12.983,-0.7000000000000001,0,-2.63,0,0,0,0.0,0
12.984,-0.7000000000000001,0,-2.63,0,0,0,0.0,0
12.985,-0.7000000000000001,0,-2.63,0,0,0,0.0,0
12.986,-0.7000000000000001,0,-2.63,0,0,0,0.0,0
12.987,-0.7000000000000001,0,-2.63,0,0,0,0.0,0
12.989,-0.7000000000000001,0,-2.63,0,0,0,0.0,0
12.99,-0.7000000000000001,0,-2.63,0,0,0,0.0,0
12.99,-0.7000000000000001,0,-2.63,0,0,0,0.0,0
12.992,-0.7000000000000001,0,-2.63,0,0,0,0.0,0
12.993,-0.7000000000000001,0,-2.63,0,0,0,0.0,0
13.007,-0.7000000000000001,0,-2.63,0,0,0,0.0,0
13.013,-0.7000000000000001,0,-2.63,0,0,0,0.0,0
13.021,-0.7000000000000001,0,-2.63,0,0,0,0.0,0
13.028,-0.7000000000000001,0,-2.63,0,0,0,0.0,0
13.034,-0.7000000000000001,0,-2.63,0,0,0,0.0,0
13.05,-0.7000000000000001,0,-2.63,0,0,0,0.0,0
13.055,-0.7000000000000001,0,-2.63,0,0,0,0.0,0
13.058,-0.7000000000000001,0,-2.63,0,0,0,0.0,0
13.059,-0.7000000000000001,0,-2.63,0,0,0,0.0,0
13.06,-0.7000000000000001,0,-2.63,0,0,0,0.0,0
13.061,-0.7000000000000001,0,-2.63,0,0,0,0.0,0
13.062,-0.7000000000000001,0,-2.63,0,0,0,0.0,0
13.063,-0.7000000000000001,0,-2.63,0,0,0,0.0,0
13.064,-0.7000000000000001,0,-2.63,0,0,0,0.0,0
13.065,-0.7000000000000001,0,-2.63,0,0,0,0.0,0
13.065,-0.7000000000000001,0,-2.63,0,0,0,0.0,0
13.066,-0.7000000000000001,0,-2.63,0,0,0,0.0,0
13.067,-0.7000000000000001,0,-2.63,0,0,0,0.0,0
13.068,-0.7000000000000001,0,-2.63,0,0,0,0.0,0
13.069,-0.7000000000000001,0,-2.63,0,0,0,0.0,0
13.069,-0.7000000000000001,0,-2.63,0,0,0,0.0,0
13.07,-0.7000000000000001,0,-2.63,0,0,0,0.0,0
13.072,-0.7000000000000001,0,-2.63,0,0,0,0.0,0
13.073,-0.7000000000000001,0,-2.63,0,0,0,0.0,0
13.074,-0.7000000000000001,0,-2.63,0,0,0,0.0,0
13.075,-0.7000000000000001,0,-2.63,0,0,0,0.0,0
13.076,-0.7000000000000001,0,-2.63,0,0,0,0.0,0
13.077,-0.7000000000000001,0,-2.63,0,0,0,0.0,0
13.078,-0.7000000000000001,0,-2.63,0,0,0,0.0,0
13.079,-0.7000000000000001,0,-2.63,0,0,0,0.0,0
13.08,-0.7000000000000001,0,-2.63,0,0,0,0.0,0
13.081,-0.7000000000000001,0,-2.63,0,0,0,0.0,0
13.082,-0.7000000000000001,0,-2.63,0,0,0,0.0,0
13.083,-0.7000000000000001,0,-2.63,0,0,0,0.0,0
13.084,-0.7000000000000001,0,-2.63,0,0,0,0.0,0
13.085,-0.7000000000000001,0,-2.63,0,0,0,0.0,0
13.086,-0.7000000000000001,0,-2.63,0,0,0,0.0,0
13.087,-0.7000000000000001,0,-2.63,0,0,0,0.0,0
13.088,-0.7000000000000001,0,-2.63,0,0,0,0.0,0
13.089,-0.7000000000000001,0,-2.63,0,0,0,0.0,0
13.09,-0.7000000000000001,0,-2.63,0,0,0,0.0,0
13.09,-0.7000000000000001,0,-2.63,0,0,0,0.0,0
13.091,-0.7000000000000001,0,-2.63,0,0,0,0.0,0
13.092,-0.7000000000000001,0,-2.63,0,0,0,0.0,0
13.093,-0.7000000000000001,0,-2.63,0,0,0,0.0,0
13.094,-0.7000000000000001,0,-2.63,0,0,0,0.0,0
13.094,-0.7000000000000001,0,-2.63,0,0,0,0.0,0
13.095,-0.7000000000000001,0,-2.63,0,0,0,0.0,0
13.096,-0.7000000000000001,0,-2.63,0,0,0,0.0,0
13.097,-0.7000000000000001,0,-2.63,0,0,0,0.0,0
13.097,-0.7000000000000001,0,-2.63,0,0,0,0.0,0
13.098,-0.7000000000000001,0,-2.63,0,0,0,0.0,0
13.099,-0.7000000000000001,0,-2.63,0,0,0,0.0,0
13.11,-0.7000000000000001,0,-2.63,0,0,0,0.0,0
13.123,-0.7000000000000001,0,-2.63,0,0,0,0.0,0
13.131,-0.7000000000000001,0,-2.63,0,0,0,0.0,0
13.138,-0.7000000000000001,0,-2.63,0,0,0,0.0,0
13.149,-0.7000000000000001,0,-2.63,0,0,0,0.0,0
13.153,-0.7000000000000001,0,-2.63,0,0,0,0.0,0
13.16,-0.7000000000000001,0,-2.63,0,0,0,0.0,0
13.164,-0.7000000000000001,0,-2.63,0,0,0,0.0,0
13.165,-0.7000000000000001,0,-2.63,0,0,0,0.0,0
13.166,-0.7000000000000001,0,-2.63,0,0,0,0.0,0
13.167,-0.7000000000000001,0,-2.63,0,0,0,0.0,0
13.168,-0.7000000000000001,0,-2.63,0,0,0,0.0,0
13.169,-0.7000000000000001,0,-2.63,0,0,0,0.0,0
13.17,-0.7000000000000001,0,-2.63,0,0,0,0.0,0
13.171,-0.7000000000000001,0,-2.63,0,0,0,0.0,0
13.172,-0.7000000000000001,0,-2.63,0,0,0,0.0,0
13.173,-0.7000000000000001,0,-2.63,0,0,0,0.0,0
13.173,-0.7000000000000001,0,-2.63,0,0,0,0.0,0
13.174,-0.7000000000000001,0,-2.63,0,0,0,0.0,0
13.175,-0.7000000000000001,0,-2.63,0,0,0,0.0,0
13.176,-0.7000000000000001,0,-2.63,0,0,0,0.0,0
13.177,-0.7000000000000001,0,-2.63,0,0,0,0.0,0
13.178,-0.7000000000000001,0,-2.63,0,0,0,0.0,0
13.178,-0.7000000000000001,0,-2.63,0,0,0,0.0,0
13.18,-0.7000000000000001,0,-2.63,0,0,0,0.0,0
13.181,-0.7000000000000001,0,-2.63,0,0,0,0.0,0
13.182,-0.7000000000000001,0,-2.63,0,0,0,0.0,0
13.183,-0.7000000000000001,0,-2.63,0,0,0,0.0,0
13.184,-0.7000000000000001,0,-2.63,0,0,0,0.0,0
13.185,-0.7000000000000001,0,-2.63,0,0,0,0.0,0
13.186,-0.7000000000000001,0,-2.63,0,0,0,0.0,0
13.186,-0.7000000000000001,0,-2.63,0,0,0,0.0,0
13.187,-0.7000000000000001,0,-2.63,0,0,0,0.0,0
13.188,-0.7000000000000001,0,-2.63,0,0,0,0.0,0
13.189,-0.7000000000000001,0,-2.63,0,0,0,0.0,0
13.19,-0.7000000000000001,0,-2.63,0,0,0,0.0,0
13.191,-0.7000000000000001,0,-2.63,0,0,0,0.0,0
13.192,-0.7000000000000001,0,-2.63,0,0,0,0.0,0
13.192,-0.7000000000000001,0,-2.63,0,0,0,0.0,0
13.193,-0.7000000000000001,0,-2.63,0,0,0,0.0,0
13.194,-0.7000000000000001,0,-2.63,0,0,0,0.0,0
13.195,-0.7000000000000001,0,-2.63,0,0,0,0.0,0
13.196,-0.7000000000000001,0,-2.63,0,0,0,0.0,0
13.197,-0.7000000000000001,0,-2.63,0,0,0,0.0,0
13.197,-0.7000000000000001,0,-2.63,0,0,0,0.0,0
13.198,-0.7000000000000001,0,-2.63,0,0,0,0.0,0
13.199,-0.7000000000000001,0,-2.63,0,0,0,0.0,0
13.2,-0.7000000000000001,0,-2.63,0,0,0,0.0,0
13.202,-0.7000000000000001,0,-2.63,0,0,0,0.0,0
13.203,-0.7000000000000001,0,-2.63,0,0,0,0.0,0
13.204,-0.7000000000000001,0,-2.63,0,0,0,0.0,0
13.206,-0.7000000000000001,0,-2.63,0,0,0,0.0,0
13.206,-0.7000000000000001,0,-2.63,0,0,0,0.0,0
13.208,-0.7000000000000001,0,-2.63,0,0,0,0.0,0
13.209,-0.7000000000000001,0,-2.63,0,0,0,0.0,0
13.212,-0.7000000000000001,0,-2.63,0,0,0,0.0,0
13.224,-0.7000000000000001,0,-2.63,0,0,0,0.0,0
13.236,-0.7000000000000001,0,-2.63,0,0,0,0.0,0
13.24,-0.7000000000000001,0,-2.63,0,0,0,0.0,0
13.245,-0.7000000000000001,0,-2.63,0,0,0,0.0,0
13.25,-0.7000000000000001,0,-2.63,0,0,0,0.0,0
13.258,-0.7000000000000001,0,-2.63,0,0,0,0.0,0
13.269,-0.7000000000000001,0,-2.63,0,0,0,0.0,0
13.278,-0.7000000000000001,0,-2.63,0,0,0,0.0,0
13.282,-0.7000000000000001,0,-2.63,0,0,0,0.0,0
13.285,-0.7000000000000001,0,-2.63,0,0,0,0.0,0
13.286,-0.7000000000000001,0,-2.63,0,0,0,0.0,0
13.287,-0.7000000000000001,0,-2.63,0,0,0,0.0,0
13.288,-0.7000000000000001,0,-2.63,0,0,0,0.0,0
13.289,-0.7000000000000001,0,-2.63,0,0,0,0.0,0
13.29,-0.7000000000000001,0,-2.63,0,0,0,0.0,0
13.291,-0.7000000000000001,0,-2.63,0,0,0,0.0,0
13.292,-0.7000000000000001,0,-2.63,0,0,0,0.0,0
13.293,-0.7000000000000001,0,-2.63,0,0,0,0.0,0
13.293,-0.7000000000000001,0,-2.63,0,0,0,0.0,0
13.294,-0.7000000000000001,0,-2.63,0,0,0,0.0,0
13.295,-0.7000000000000001,0,-2.63,0,0,0,0.0,0
13.296,-0.7000000000000001,0,-2.63,0,0,0,0.0,0
13.298,-0.7000000000000001,0,-2.63,0,0,0,0.0,0
13.299,-0.7000000000000001,0,-2.63,0,0,0,0.0,0
13.3,-0.7000000000000001,0,-2.63,0,0,0,0.0,0
13.301,-0.7000000000000001,0,-2.63,0,0,0,0.0,0
13.302,-0.7000000000000001,0,-2.63,0,0,0,0.0,0
13.303,-0.7000000000000001,0,-2.63,0,0,0,0.0,0
13.304,-0.7000000000000001,0,-2.63,0,0,0,0.0,0
13.305,-0.7000000000000001,0,-2.63,0,0,0,0.0,0
13.306,-0.7000000000000001,0,-2.63,0,0,0,0.0,0
13.307,-0.7000000000000001,0,-2.63,0,0,0,0.0,0
13.308,-0.7000000000000001,0,-2.63,0,0,0,0.0,0
13.309,-0.7000000000000001,0,-2.63,0,0,0,0.0,0
13.31,-0.7000000000000001,0,-2.63,0,0,0,0.0,0
13.311,-0.7000000000000001,0,-2.63,0,0,0,0.0,0
13.312,-0.7000000000000001,0,-2.63,0,0,0,0.0,0
13.312,-0.7000000000000001,0,-2.63,0,0,0,0.0,0
13.313,-0.7000000000000001,0,-2.63,0,0,0,0.0,0
13.314,-0.7000000000000001,0,-2.63,0,0,0,0.0,0
13.315,-0.7000000000000001,0,-2.63,0,0,0,0.0,0
13.315,-0.7000000000000001,0,-2.63,0,0,0,0.0,0
13.317,-0.7000000000000001,0,-2.63,0,0,0,0.0,0
13.318,-0.7000000000000001,0,-2.63,0,0,0,0.0,0
13.321,-0.7000000000000001,0,-2.63,0,0,0,0.0,0
13.331,-0.7000000000000001,0,-2.63,0,0,0,0.0,0
13.349,-0.7000000000000001,0,-2.63,0,0,0,0.0,0
13.358,-0.7000000000000001,0,-2.63,0,0,0,0.0,0
13.362,-0.7000000000000001,0,-2.63,0,0,0,0.0,0
13.365,-0.7000000000000001,0,-2.63,0,0,0,0.0,0
13.369,-0.7000000000000001,0,-2.63,0,0,0,0.0,0
13.372,-0.7000000000000001,0,-2.63,0,0,0,0.0,0
13.372,-0.7000000000000001,0,-2.63,0,0,0,0.0,0
13.372,-0.7000000000000001,0,-2.63,0,0,0,0.0,0
13.374,-0.7000000000000001,0,-2.63,0,0,0,0.0,0
13.374,-0.7000000000000001,0,-2.63,0,0,0,0.0,0
13.375,-0.7000000000000001,0,-2.63,0,0,0,0.0,0
13.375,-0.7000000000000001,0,-2.63,0,0,0,0.0,0
13.376,-0.7000000000000001,0,-2.63,0,0,0,0.0,0
13.377,-0.7000000000000001,0,-2.63,0,0,0,0.0,0
13.377,-0.7000000000000001,0,-2.63,0,0,0,0.0,0
13.378,-0.7000000000000001,0,-2.63,0,0,0,0.0,0
13.379,-0.7000000000000001,0,-2.63,0,0,0,0.0,0
13.379,-0.7000000000000001,0,-2.63,0,0,0,0.0,0
13.38,-0.7000000000000001,0,-2.63,0,0,0,0.0,0
13.38,-0.7000000000000001,0,-2.63,0,0,0,0.0,0
13.381,-0.7000000000000001,0,-2.63,0,0,0,0.0,0
13.381,-0.7000000000000001,0,-2.63,0,0,0,0.0,0
13.382,-0.7000000000000001,0,-2.63,0,0,0,0.0,0
13.383,-0.7000000000000001,0,-2.63,0,0,0,0.0,0
13.383,-0.7000000000000001,0,-2.63,0,0,0,0.0,0
13.384,-0.7000000000000001,0,-2.63,0,0,0,0.0,0
13.384,-0.7000000000000001,0,-2.63,0,0,0,0.0,0
13.385,-0.7000000000000001,0,-2.63,0,0,0,0.0,0
13.385,-0.7000000000000001,0,-2.63,0,0,0,0.0,0
13.386,-0.7000000000000001,0,-2.63,0,0,0,0.0,0
13.386,-0.7000000000000001,0,-2.63,0,0,0,0.0,0
13.387,-0.7000000000000001,0,-2.63,0,0,0,0.0,0
13.387,-0.7000000000000001,0,-2.63,0,0,0,0.0,0
13.388,-0.7000000000000001,0,-2.63,0,0,0,0.0,0
13.388,-0.7000000000000001,0,-2.63,0,0,0,0.0,0
13.389,-0.7000000000000001,0,-2.63,0,0,0,0.0,0
13.389,-0.7000000000000001,0,-2.63,0,0,0,0.0,0
13.39,-0.7000000000000001,0,-2.63,0,0,0,0.0,0
13.39,-0.7000000000000001,0,-2.63,0,0,0,0.0,0
13.391,-0.7000000000000001,0,-2.63,0,0,0,0.0,0
13.391,-0.7000000000000001,0,-2.63,0,0,0,0.0,0
13.392,-0.7000000000000001,0,-2.63,0,0,0,0.0,0
13.392,-0.7000000000000001,0,-2.63,0,0,0,0.0,0
13.393,-0.7000000000000001,0,-2.63,0,0,0,0.0,0
13.393,-0.7000000000000001,0,-2.63,0,0,0,0.0,0
13.394,-0.7000000000000001,0,-2.63,0,0,0,0.0,0
13.394,-0.7000000000000001,0,-2.63,0,0,0,0.0,0
13.395,-0.7000000000000001,0,-2.63,0,0,0,0.0,0
13.396,-0.7000000000000001,0,-2.63,0,0,0,0.0,0
13.396,-0.7000000000000001,0,-2.63,0,0,0,0.0,0
13.397,-0.7000000000000001,0,-2.63,0,0,0,0.0,0
13.398,-0.7000000000000001,0,-2.63,0,0,0,0.0,0
13.398,-0.7000000000000001,0,-2.63,0,0,0,0.0,0
13.399,-0.7000000000000001,0,-2.63,0,0,0,0.0,0
13.399,-0.7000000000000001,0,-2.63,0,0,0,0.0,0
13.4,-0.7000000000000001,0,-2.63,0,0,0,0.0,0
13.4,-0.7000000000000001,0,-2.63,0,0,0,0.0,0
13.401,-0.7000000000000001,0,-2.63,0,0,0,0.0,0
13.402,-0.7000000000000001,0,-2.63,0,0,0,0.0,0
13.402,-0.7000000000000001,0,-2.63,0,0,0,0.0,0
13.403,-0.7000000000000001,0,-2.63,0,0,0,0.0,0
13.403,-0.7000000000000001,0,-2.63,0,0,0,0.0,0
13.404,-0.7000000000000001,0,-2.63,0,0,0,0.0,0
13.404,-0.7000000000000001,0,-2.63,0,0,0,0.0,0
13.405,-0.7000000000000001,0,-2.63,0,0,0,0.0,0
13.405,-0.7000000000000001,0,-2.63,0,0,0,0.0,0
13.406,-0.7000000000000001,0,-2.63,0,0,0,0.0,0
13.406,-0.7000000000000001,0,-2.63,0,0,0,0.0,0
13.407,-0.7000000000000001,0,-2.63,0,0,0,0.0,0
13.407,-0.7000000000000001,0,-2.63,0,0,0,0.0,0
13.408,-0.7000000000000001,0,-2.63,0,0,0,0.0,0
13.408,-0.7000000000000001,0,-2.63,0,0,0,0.0,0
13.409,-0.7000000000000001,0,-2.63,0,0,0,0.0,0
13.409,-0.7000000000000001,0,-2.63,0,0,0,0.0,0
13.41,-0.7000000000000001,0,-2.63,0,0,0,0.0,0
13.41,-0.7000000000000001,0,-2.63,0,0,0,0.0,0
13.411,-0.7000000000000001,0,-2.63,0,0,0,0.0,0
13.412,-0.7000000000000001,0,-2.63,0,0,0,0.0,0
13.412,-0.7000000000000001,0,-2.63,0,0,0,0.0,0
13.413,-0.7000000000000001,0,-2.63,0,0,0,0.0,0
13.413,-0.7000000000000001,0,-2.63,0,0,0,0.0,0
13.414,-0.7000000000000001,0,-2.63,0,0,0,0.0,0
13.414,-0.7000000000000001,0,-2.63,0,0,0,0.0,0
13.415,-0.7000000000000001,0,-2.63,0,0,0,0.0,0
13.416,-0.7000000000000001,0,-2.63,0,0,0,0.0,0
13.416,-0.7000000000000001,0,-2.63,0,0,0,0.0,0
13.417,-0.7000000000000001,0,-2.63,0,0,0,0.0,0
13.417,-0.7000000000000001,0,-2.63,0,0,0,0.0,0
13.417,-0.7000000000000001,0,-2.63,0,0,0,0.0,0
13.418,-0.7000000000000001,0,-2.63,0,0,0,0.0,0
13.418,-0.7000000000000001,0,-2.63,0,0,0,0.0,0
13.419,-0.7000000000000001,0,-2.63,0,0,0,0.0,0
13.419,-0.7000000000000001,0,-2.63,0,0,0,0.0,0
13.42,-0.7000000000000001,0,-2.63,0,0,0,0.0,0
13.42,-0.7000000000000001,0,-2.63,0,0,0,0.0,0
13.421,-0.7000000000000001,0,-2.63,0,0,0,0.0,0
13.421,-0.7000000000000001,0,-2.63,0,0,0,0.0,0
13.422,-0.7000000000000001,0,-2.63,0,0,0,0.0,0
13.422,-0.7000000000000001,0,-2.63,0,0,0,0.0,0
13.423,-0.7000000000000001,0,-2.63,0,0,0,0.0,0
13.423,-0.7000000000000001,0,-2.63,0,0,0,0.0,0
13.424,-0.7000000000000001,0,-2.63,0,0,0,0.0,0
13.424,-0.7000000000000001,0,-2.63,0,0,0,0.0,0
13.425,-0.7000000000000001,0,-2.63,0,0,0,0.0,0
13.425,-0.7000000000000001,0,-2.63,0,0,0,0.0,0
13.426,-0.7000000000000001,0,-2.63,0,0,0,0.0,0
13.431,-0.7000000000000001,0,-2.63,0,0,0,0.0,0
13.432,-0.7000000000000001,0,-2.63,0,0,0,0.0,0
13.436,-0.7000000000000001,0,-2.63,0,0,0,0.0,0
13.438,-0.7000000000000001,0,-2.63,0,0,0,0.0,0
13.441,-0.7000000000000001,0,-2.63,0,0,0,0.0,0
13.443,-0.7000000000000001,0,-2.63,0,0,0,0.0,0
13.444,-0.7000000000000001,0,-2.63,0,0,0,0.0,0
13.446,-0.7000000000000001,0,-2.63,0,0,0,0.0,0
13.448,-0.7000000000000001,0,-2.63,0,0,0,0.0,0
13.451,-0.7000000000000001,0,-2.63,0,0,0,0.0,0
13.455,-0.7000000000000001,0,-2.63,0,0,0,0.0,0
13.46,-0.7000000000000001,0,-2.63,0,0,0,0.0,0
13.463,-0.7000000000000001,0,-2.63,0,0,0,0.0,0
13.463,-0.7000000000000001,0,-2.63,0,0,0,0.0,0
13.465,-0.7000000000000001,0,-2.63,0,0,0,0.0,0
13.465,-0.7000000000000001,0,-2.63,0,0,0,0.0,0
13.466,-0.7000000000000001,0,-2.63,0,0,0,0.0,0
13.466,-0.7000000000000001,0,-2.63,0,0,0,0.0,0
13.467,-0.7000000000000001,0,-2.63,0,0,0,0.0,0
13.467,-0.7000000000000001,0,-2.63,0,0,0,0.0,0
13.468,-0.7000000000000001,0,-2.63,0,0,0,0.0,0
13.468,-0.7000000000000001,0,-2.63,0,0,0,0.0,0
13.469,-0.7000000000000001,0,-2.63,0,0,0,0.0,0
13.469,-0.7000000000000001,0,-2.63,0,0,0,0.0,0
13.47,-0.7000000000000001,0,-2.63,0,0,0,0.0,0
13.47,-0.7000000000000001,0,-2.63,0,0,0,0.0,0
13.471,-0.7000000000000001,0,-2.63,0,0,0,0.0,0
13.471,-0.7000000000000001,0,-2.63,0,0,0,0.0,0
13.472,-0.7000000000000001,0,-2.63,0,0,0,0.0,0
13.472,-0.7000000000000001,0,-2.63,0,0,0,0.0,0
13.473,-0.7000000000000001,0,-2.63,0,0,0,0.0,0
13.474,-0.7000000000000001,0,-2.63,0,0,0,0.0,0
13.474,-0.7000000000000001,0,-2.63,0,0,0,0.0,0
13.475,-0.7000000000000001,0,-2.63,0,0,0,0.0,0
13.475,-0.7000000000000001,0,-2.63,0,0,0,0.0,0
13.476,-0.7000000000000001,0,-2.63,0,0,0,0.0,0
13.476,-0.7000000000000001,0,-2.63,0,0,0,0.0,0
13.477,-0.7000000000000001,0,-2.63,0,0,0,0.0,0
13.477,-0.7000000000000001,0,-2.63,0,0,0,0.0,0
13.478,-0.7000000000000001,0,-2.63,0,0,0,0.0,0
13.478,-0.7000000000000001,0,-2.63,0,0,0,0.0,0
13.479,-0.7000000000000001,0,-2.63,0,0,0,0.0,0
13.479,-0.7000000000000001,0,-2.63,0,0,0,0.0,0
13.48,-0.7000000000000001,0,-2.63,0,0,0,0.0,0
13.48,-0.7000000000000001,0,-2.63,0,0,0,0.0,0
13.481,-0.7000000000000001,0,-2.63,0,0,0,0.0,0
13.481,-0.7000000000000001,0,-2.63,0,0,0,0.0,0
13.482,-0.7000000000000001,0,-2.63,0,0,0,0.0,0
13.482,-0.7000000000000001,0,-2.63,0,0,0,0.0,0
13.483,-0.7000000000000001,0,-2.63,0,0,0,0.0,0
13.483,-0.7000000000000001,0,-2.63,0,0,0,0.0,0
13.484,-0.7000000000000001,0,-2.63,0,0,0,0.0,0
13.484,-0.7000000000000001,0,-2.63,0,0,0,0.0,0
13.485,-0.7000000000000001,0,-2.63,0,0,0,0.0,0
13.486,-0.7000000000000001,0,-2.63,0,0,0,0.0,0
13.486,-0.7000000000000001,0,-2.63,0,0,0,0.0,0
13.486,-0.7000000000000001,0,-2.63,0,0,0,0.0,0
13.487,-0.7000000000000001,0,-2.63,0,0,0,0.0,0
13.487,-0.7000000000000001,0,-2.63,0,0,0,0.0,0
13.488,-0.7000000000000001,0,-2.63,0,0,0,0.0,0
13.489,-0.7000000000000001,0,-2.63,0,0,0,0.0,0
13.489,-0.7000000000000001,0,-2.63,0,0,0,0.0,0
13.49,-0.7000000000000001,0,-2.63,0,0,0,0.0,0
13.49,-0.7000000000000001,0,-2.63,0,0,0,0.0,0
13.491,-0.7000000000000001,0,-2.63,0,0,0,0.0,0
13.491,-0.7000000000000001,0,-2.63,0,0,0,0.0,0
13.492,-0.7000000000000001,0,-2.63,0,0,0,0.0,0
13.492,-0.7000000000000001,0,-2.63,0,0,0,0.0,0
13.493,-0.7000000000000001,0,-2.63,0,0,0,0.0,0
13.493,-0.7000000000000001,0,-2.63,0,0,0,0.0,0
13.494,-0.7000000000000001,0,-2.63,0,0,0,0.0,0
13.494,-0.7000000000000001,0,-2.63,0,0,0,0.0,0
13.495,-0.7000000000000001,0,-2.63,0,0,0,0.0,0
13.495,-0.7000000000000001,0,-2.63,0,0,0,0.0,0
13.496,-0.7000000000000001,0,-2.63,0,0,0,0.0,0
13.496,-0.7000000000000001,0,-2.63,0,0,0,0.0,0
13.497,-0.7000000000000001,0,-2.63,0,0,0,0.0,0
13.497,-0.7000000000000001,0,-2.63,0,0,0,0.0,0
13.498,-0.7000000000000001,0,-2.63,0,0,0,0.0,0
13.498,-0.7000000000000001,0,-2.63,0,0,0,0.0,0
13.499,-0.7000000000000001,0,-2.63,0,0,0,0.0,0
13.5,-0.7000000000000001,0,-2.63,0,0,0,0.0,0
13.5,-0.7000000000000001,0,-2.63,0,0,0,0.0,0
13.501,-0.7000000000000001,0,-2.63,0,0,0,0.0,0
13.501,-0.7000000000000001,0,-2.63,0,0,0,0.0,0
13.502,-0.7000000000000001,0,-2.63,0,0,0,0.0,0
13.502,-0.7000000000000001,0,-2.63,0,0,0,0.0,0
13.503,-0.7000000000000001,0,-2.63,0,0,0,0.0,0
13.503,-0.7000000000000001,0,-2.63,0,0,0,0.0,0
13.504,-0.7000000000000001,0,-2.63,0,0,0,0.0,0
13.504,-0.7000000000000001,0,-2.63,0,0,0,0.0,0
13.505,-0.7000000000000001,0,-2.63,0,0,0,0.0,0
13.506,-0.7000000000000001,0,-2.63,0,0,0,0.0,0
13.506,-0.7000000000000001,0,-2.63,0,0,0,0.0,0
13.507,-0.7000000000000001,0,-2.63,0,0,0,0.0,0
13.507,-0.7000000000000001,0,-2.63,0,0,0,0.0,0
13.508,-0.7000000000000001,0,-2.63,0,0,0,0.0,0
13.508,-0.7000000000000001,0,-2.63,0,0,0,0.0,0
13.509,-0.7000000000000001,0,-2.63,0,0,0,0.0,0
13.509,-0.7000000000000001,0,-2.63,0,0,0,0.0,0
13.51,-0.7000000000000001,0,-2.63,0,0,0,0.0,0
13.51,-0.7000000000000001,0,-2.63,0,0,0,0.0,0
13.511,-0.7000000000000001,0,-2.63,0,0,0,0.0,0
13.511,-0.7000000000000001,0,-2.63,0,0,0,0.0,0
13.512,-0.7000000000000001,0,-2.63,0,0,0,0.0,0
13.512,-0.7000000000000001,0,-2.63,0,0,0,0.0,0
13.513,-0.7000000000000001,0,-2.63,0,0,0,0.0,0
13.513,-0.7000000000000001,0,-2.63,0,0,0,0.0,0
13.514,-0.7000000000000001,0,-2.63,0,0,0,0.0,0
13.514,-0.7000000000000001,0,-2.63,0,0,0,0.0,0
13.515,-0.7000000000000001,0,-2.63,0,0,0,0.0,0
13.515,-0.7000000000000001,0,-2.63,0,0,0,0.0,0
13.516,-0.7000000000000001,0,-2.63,0,0,0,0.0,0
13.516,-0.7000000000000001,0,-2.63,0,0,0,0.0,0
13.517,-0.7000000000000001,0,-2.63,0,0,0,0.0,0
13.517,-0.7000000000000001,0,-2.63,0,0,0,0.0,0
13.518,-0.7000000000000001,0,-2.63,0,0,0,0.0,0
13.519,-0.7000000000000001,0,-2.63,0,0,0,0.0,0
13.519,-0.7000000000000001,0,-2.63,0,0,0,0.0,0
13.52,-0.7000000000000001,0,-2.63,0,0,0,0.0,0
13.52,-0.7000000000000001,0,-2.63,0,0,0,0.0,0
13.521,-0.7000000000000001,0,-2.63,0,0,0,0.0,0
13.521,-0.7000000000000001,0,-2.63,0,0,0,0.0,0
13.522,-0.7000000000000001,0,-2.63,0,0,0,0.0,0
13.522,-0.7000000000000001,0,-2.63,0,0,0,0.0,0
13.524,-0.7000000000000001,0,-2.63,0,0,0,0.0,0
13.524,-0.7000000000000001,0,-2.63,0,0,0,0.0,0
13.525,-0.7000000000000001,0,-2.63,0,0,0,0.0,0
13.525,-0.7000000000000001,0,-2.63,0,0,0,0.0,0
13.526,-0.7000000000000001,0,-2.63,0,0,0,0.0,0
13.526,-0.7000000000000001,0,-2.63,0,0,0,0.0,0
13.526,-0.7000000000000001,0,-2.63,0,0,0,0.0,0
13.527,-0.7000000000000001,0,-2.63,0,0,0,0.0,0
13.527,-0.7000000000000001,0,-2.63,0,0,0,0.0,0
13.527,-0.7000000000000001,0,-2.63,0,0,0,0.0,0
13.529,-0.7000000000000001,0,-2.63,0,0,0,0.0,0
13.529,-0.7000000000000001,0,-2.63,0,0,0,0.0,0
13.53,-0.7000000000000001,0,-2.63,0,0,0,0.0,0
13.53,-0.7000000000000001,0,-2.63,0,0,0,0.0,0
13.531,-0.7000000000000001,0,-2.63,0,0,0,0.0,0
13.531,-0.7000000000000001,0,-2.63,0,0,0,0.0,0
13.532,-0.7000000000000001,0,-2.63,0,0,0,0.0,0
13.532,-0.7000000000000001,0,-2.63,0,0,0,0.0,0
13.533,-0.7000000000000001,0,-2.63,0,0,0,0.0,0
13.533,-0.7000000000000001,0,-2.63,0,0,0,0.0,0
13.534,-0.7000000000000001,0,-2.63,0,0,0,0.0,0
13.539,-0.7000000000000001,0,-2.63,0,0,0,0.0,0
13.541,-0.7000000000000001,0,-2.63,0,0,0,0.0,0
13.543,-0.7000000000000001,0,-2.63,0,0,0,0.0,0
13.546,-0.7000000000000001,0,-2.63,0,0,0,0.0,0
13.549,-0.7000000000000001,0,-2.63,0,0,0,0.0,0
13.551,-0.7000000000000001,0,-2.63,0,0,0,0.0,0
13.553,-0.7000000000000001,0,-2.63,0,0,0,0.0,0
13.555,-0.7000000000000001,0,-2.63,0,0,0,0.0,0
13.557,-0.7000000000000001,0,-2.63,0,0,0,0.0,0
13.563,-0.7000000000000001,0,-2.63,0,0,0,0.0,0
13.565,-0.7000000000000001,0,-2.63,0,0,0,0.0,0
13.568,-0.7000000000000001,0,-2.63,0,0,0,0.0,0
13.57,-0.7000000000000001,0,-2.63,0,0,0,0.0,0
13.57,-0.7000000000000001,0,-2.63,0,0,0,0.0,0
13.571,-0.7000000000000001,0,-2.63,0,0,0,0.0,0
13.572,-0.7000000000000001,0,-2.63,0,0,0,0.0,0
13.572,-0.7000000000000001,0,-2.63,0,0,0,0.0,0
13.572,-0.7000000000000001,0,-2.63,0,0,0,0.0,0
13.573,-0.7000000000000001,0,-2.63,0,0,0,0.0,0
13.573,-0.7000000000000001,0,-2.63,0,0,0,0.0,0
13.573,-0.7000000000000001,0,-2.63,0,0,0,0.0,0
13.575,-0.7000000000000001,0,-2.63,0,0,0,0.0,0
13.575,-0.7000000000000001,0,-2.63,0,0,0,0.0,0
13.576,-0.7000000000000001,0,-2.63,0,0,0,0.0,0
13.576,-0.7000000000000001,0,-2.63,0,0,0,0.0,0
13.577,-0.7000000000000001,0,-2.63,0,0,0,0.0,0
13.577,-0.7000000000000001,0,-2.63,0,0,0,0.0,0
13.578,-0.7000000000000001,0,-2.63,0,0,0,0.0,0
13.578,-0.7000000000000001,0,-2.63,0,0,0,0.0,0
13.578,-0.7000000000000001,0,-2.63,0,0,0,0.0,0
13.579,-0.7000000000000001,0,-2.63,0,0,0,0.0,0
13.579,-0.7000000000000001,0,-2.63,0,0,0,0.0,0
13.58,-0.7000000000000001,0,-2.63,0,0,0,0.0,0
13.58,-0.7000000000000001,0,-2.63,0,0,0,0.0,0
13.581,-0.7000000000000001,0,-2.63,0,0,0,0.0,0
13.581,-0.7000000000000001,0,-2.63,0,0,0,0.0,0
13.582,-0.7000000000000001,0,-2.63,0,0,0,0.0,0
13.582,-0.7000000000000001,0,-2.63,0,0,0,0.0,0
13.583,-0.7000000000000001,0,-2.63,0,0,0,0.0,0
13.583,-0.7000000000000001,0,-2.63,0,0,0,0.0,0
13.584,-0.7000000000000001,0,-2.63,0,0,0,0.0,0
13.584,-0.7000000000000001,0,-2.63,0,0,0,0.0,0
13.585,-0.7000000000000001,0,-2.63,0,0,0,0.0,0
13.585,-0.7000000000000001,0,-2.63,0,0,0,0.0,0
13.586,-0.7000000000000001,0,-2.63,0,0,0,0.0,0
13.587,-0.7000000000000001,0,-2.63,0,0,0,0.0,0
13.587,-0.7000000000000001,0,-2.63,0,0,0,0.0,0
13.588,-0.7000000000000001,0,-2.63,0,0,0,0.0,0
13.589,-0.7000000000000001,0,-2.63,0,0,0,0.0,0
13.589,-0.7000000000000001,0,-2.63,0,0,0,0.0,0
13.59,-0.7000000000000001,0,-2.63,0,0,0,0.0,0
13.59,-0.7000000000000001,0,-2.63,0,0,0,0.0,0
13.59,-0.7000000000000001,0,-2.63,0,0,0,0.0,0
13.591,-0.7000000000000001,0,-2.63,0,0,0,0.0,0
13.591,-0.7000000000000001,0,-2.63,0,0,0,0.0,0
13.592,-0.7000000000000001,0,-2.63,0,0,0,0.0,0
13.592,-0.7000000000000001,0,-2.63,0,0,0,0.0,0
13.593,-0.7000000000000001,0,-2.63,0,0,0,0.0,0
13.593,-0.7000000000000001,0,-2.63,0,0,0,0.0,0
13.594,-0.7000000000000001,0,-2.63,0,0,0,0.0,0
13.594,-0.7000000000000001,0,-2.63,0,0,0,0.0,0
13.595,-0.7000000000000001,0,-2.63,0,0,0,0.0,0
13.595,-0.7000000000000001,0,-2.63,0,0,0,0.0,0
13.596,-0.7000000000000001,0,-2.63,0,0,0,0.0,0
13.596,-0.7000000000000001,0,-2.63,0,0,0,0.0,0
13.597,-0.7000000000000001,0,-2.63,0,0,0,0.0,0
13.598,-0.7000000000000001,0,-2.63,0,0,0,0.0,0
13.598,-0.7000000000000001,0,-2.63,0,0,0,0.0,0
13.599,-0.7000000000000001,0,-2.63,0,0,0,0.0,0
13.599,-0.7000000000000001,0,-2.63,0,0,0,0.0,0
13.6,-0.7000000000000001,0,-2.63,0,0,0,0.0,0
13.6,-0.7000000000000001,0,-2.63,0,0,0,0.0,0
13.601,-0.7000000000000001,0,-2.63,0,0,0,0.0,0
13.601,-0.7000000000000001,0,-2.63,0,0,0,0.0,0
13.602,-0.7000000000000001,0,-2.63,0,0,0,0.0,0
13.602,-0.7000000000000001,0,-2.63,0,0,0,0.0,0
13.603,-0.7000000000000001,0,-2.63,0,0,0,0.0,0
13.603,-0.7000000000000001,0,-2.63,0,0,0,0.0,0
13.604,-0.7000000000000001,0,-2.63,0,0,0,0.0,0
13.604,-0.7000000000000001,0,-2.63,0,0,0,0.0,0
13.605,-0.7000000000000001,0,-2.63,0,0,0,0.0,0
13.605,-0.7000000000000001,0,-2.63,0,0,0,0.0,0
13.607,-0.7000000000000001,0,-2.63,0,0,0,0.0,0
13.607,-0.7000000000000001,0,-2.63,0,0,0,0.0,0
13.607,-0.7000000000000001,0,-2.63,0,0,0,0.0,0
13.608,-0.7000000000000001,0,-2.63,0,0,0,0.0,0
13.609,-0.7000000000000001,0,-2.63,0,0,0,0.0,0
13.609,-0.7000000000000001,0,-2.63,0,0,0,0.0,0
13.61,-0.7000000000000001,0,-2.63,0,0,0,0.0,0
13.61,-0.7000000000000001,0,-2.63,0,0,0,0.0,0
13.611,-0.7000000000000001,0,-2.63,0,0,0,0.0,0
13.612,-0.7000000000000001,0,-2.63,0,0,0,0.0,0
13.613,-0.7000000000000001,0,-2.63,0,0,0,0.0,0
13.613,-0.7000000000000001,0,-2.63,0,0,0,0.0,0
13.614,-0.7000000000000001,0,-2.63,0,0,0,0.0,0
13.614,-0.7000000000000001,0,-2.63,0,0,0,0.0,0
13.615,-0.7000000000000001,0,-2.63,0,0,0,0.0,0
13.615,-0.7000000000000001,0,-2.63,0,0,0,0.0,0
13.616,-0.7000000000000001,0,-2.63,0,0,0,0.0,0
13.616,-0.7000000000000001,0,-2.63,0,0,0,0.0,0
13.617,-0.7000000000000001,0,-2.63,0,0,0,0.0,0
13.617,-0.7000000000000001,0,-2.63,0,0,0,0.0,0
13.618,-0.7000000000000001,0,-2.63,0,0,0,0.0,0
13.618,-0.7000000000000001,0,-2.63,0,0,0,0.0,0
13.619,-0.7000000000000001,0,-2.63,0,0,0,0.0,0
13.619,-0.7000000000000001,0,-2.63,0,0,0,0.0,0
13.62,-0.7000000000000001,0,-2.63,0,0,0,0.0,0
13.62,-0.7000000000000001,0,-2.63,0,0,0,0.0,0
13.621,-0.7000000000000001,0,-2.63,0,0,0,0.0,0
13.621,-0.7000000000000001,0,-2.63,0,0,0,0.0,0
13.622,-0.7000000000000001,0,-2.63,0,0,0,0.0,0
13.622,-0.7000000000000001,0,-2.63,0,0,0,0.0,0
13.623,-0.7000000000000001,0,-2.63,0,0,0,0.0,0
13.623,-0.7000000000000001,0,-2.63,0,0,0,0.0,0
13.624,-0.7000000000000001,0,-2.63,0,0,0,0.0,0
13.624,-0.7000000000000001,0,-2.63,0,0,0,0.0,0
13.625,-0.7000000000000001,0,-2.63,0,0,0,0.0,0
13.625,-0.7000000000000001,0,-2.63,0,0,0,0.0,0
13.626,-0.7000000000000001,0,-2.63,0,0,0,0.0,0
13.627,-0.7000000000000001,0,-2.63,0,0,0,0.0,0
13.627,-0.7000000000000001,0,-2.63,0,0,0,0.0,0
13.628,-0.7000000000000001,0,-2.63,0,0,0,0.0,0
13.628,-0.7000000000000001,0,-2.63,0,0,0,0.0,0
13.629,-0.7000000000000001,0,-2.63,0,0,0,0.0,0
13.629,-0.7000000000000001,0,-2.63,0,0,0,0.0,0
13.63,-0.7000000000000001,0,-2.63,0,0,0,0.0,0
13.63,-0.7000000000000001,0,-2.63,0,0,0,0.0,0
13.631,-0.7000000000000001,0,-2.63,0,0,0,0.0,0
13.631,-0.7000000000000001,0,-2.63,0,0,0,0.0,0
13.632,-0.7000000000000001,0,-2.63,0,0,0,0.0,0
13.632,-0.7000000000000001,0,-2.63,0,0,0,0.0,0
13.633,-0.7000000000000001,0,-2.63,0,0,0,0.0,0
13.633,-0.7000000000000001,0,-2.63,0,0,0,0.0,0
13.634,-0.7000000000000001,0,-2.63,0,0,0,0.0,0
13.634,-0.7000000000000001,0,-2.63,0,0,0,0.0,0
13.635,-0.7000000000000001,0,-2.63,0,0,0,0.0,0
13.635,-0.7000000000000001,0,-2.63,0,0,0,0.0,0
13.636,-0.7000000000000001,0,-2.63,0,0,0,0.0,0
13.636,-0.7000000000000001,0,-2.63,0,0,0,0.0,0
13.637,-0.7000000000000001,0,-2.63,0,0,0,0.0,0
13.637,-0.7000000000000001,0,-2.63,0,0,0,0.0,0
13.638,-0.7000000000000001,0,-2.63,0,0,0,0.0,0
13.638,-0.7000000000000001,0,-2.63,0,0,0,0.0,0
13.639,-0.7000000000000001,0,-2.63,0,0,0,0.0,0
13.639,-0.7000000000000001,0,-2.63,0,0,0,0.0,0
13.64,-0.7000000000000001,0,-2.63,0,0,0,0.0,0
13.64,-0.7000000000000001,0,-2.63,0,0,0,0.0,0
13.641,-0.7000000000000001,0,-2.63,0,0,0,0.0,0
13.646,-0.7000000000000001,0,-2.63,0,0,0,0.0,0
13.649,-0.7000000000000001,0,-2.63,0,0,0,0.0,0
13.662,-0.7000000000000001,0,-2.63,0,0,0,0.0,0
13.664,-0.7000000000000001,0,-2.63,0,0,0,0.0,0
13.672,-0.7000000000000001,0,-2.63,0,0,0,0.0,0
13.677,-0.7000000000000001,0,-2.63,0,0,0,0.0,0
13.679,-0.7000000000000001,0,-2.63,0,0,0,0.0,0
13.679,-0.7000000000000001,0,-2.63,0,0,0,0.0,0
13.681,-0.7000000000000001,0,-2.63,0,0,0,0.0,0
13.681,-0.7000000000000001,0,-2.63,0,0,0,0.0,0
13.681,-0.7000000000000001,0,-2.63,0,0,0,0.0,0
13.682,-0.7000000000000001,0,-2.63,0,0,0,0.0,0
13.683,-0.7000000000000001,0,-2.63,0,0,0,0.0,0
13.683,-0.7000000000000001,0,-2.63,0,0,0,0.0,0
13.683,-0.7000000000000001,0,-2.63,0,0,0,0.0,0
13.684,-0.7000000000000001,0,-2.63,0,0,0,0.0,0
13.684,-0.7000000000000001,0,-2.63,0,0,0,0.0,0
13.685,-0.7000000000000001,0,-2.63,0,0,0,0.0,0
13.686,-0.7000000000000001,0,-2.63,0,0,0,0.0,0
13.686,-0.7000000000000001,0,-2.63,0,0,0,0.0,0
13.687,-0.7000000000000001,0,-2.63,0,0,0,0.0,0
13.687,-0.7000000000000001,0,-2.63,0,0,0,0.0,0
13.688,-0.7000000000000001,0,-2.63,0,0,0,0.0,0
13.688,-0.7000000000000001,0,-2.63,0,0,0,0.0,0
13.689,-0.7000000000000001,0,-2.63,0,0,0,0.0,0
13.689,-0.7000000000000001,0,-2.63,0,0,0,0.0,0
13.69,-0.7000000000000001,0,-2.63,0,0,0,0.0,0
13.69,-0.7000000000000001,0,-2.63,0,0,0,0.0,0
13.691,-0.7000000000000001,0,-2.63,0,0,0,0.0,0
13.691,-0.7000000000000001,0,-2.63,0,0,0,0.0,0
13.692,-0.7000000000000001,0,-2.63,0,0,0,0.0,0
13.692,-0.7000000000000001,0,-2.63,0,0,0,0.0,0
13.693,-0.7000000000000001,0,-2.63,0,0,0,0.0,0
13.693,-0.7000000000000001,0,-2.63,0,0,0,0.0,0
13.694,-0.7000000000000001,0,-2.63,0,0,0,0.0,0
13.694,-0.7000000000000001,0,-2.63,0,0,0,0.0,0
13.695,-0.7000000000000001,0,-2.63,0,0,0,0.0,0
13.696,-0.7000000000000001,0,-2.63,0,0,0,0.0,0
13.696,-0.7000000000000001,0,-2.63,0,0,0,0.0,0
13.697,-0.7000000000000001,0,-2.63,0,0,0,0.0,0
13.697,-0.7000000000000001,0,-2.63,0,0,0,0.0,0
13.698,-0.7000000000000001,0,-2.63,0,0,0,0.0,0
13.698,-0.7000000000000001,0,-2.63,0,0,0,0.0,0
13.699,-0.7000000000000001,0,-2.63,0,0,0,0.0,0
13.7,-0.7000000000000001,0,-2.63,0,0,0,0.0,0
13.7,-0.7000000000000001,0,-2.63,0,0,0,0.0,0
13.701,-0.7000000000000001,0,-2.63,0,0,0,0.0,0
13.701,-0.7000000000000001,0,-2.63,0,0,0,0.0,0
13.702,-0.7000000000000001,0,-2.63,0,0,0,0.0,0
13.702,-0.7000000000000001,0,-2.63,0,0,0,0.0,0
13.703,-0.7000000000000001,0,-2.63,0,0,0,0.0,0
13.703,-0.7000000000000001,0,-2.63,0,0,0,0.0,0
13.703,-0.7000000000000001,0,-2.63,0,0,0,0.0,0
13.704,-0.7000000000000001,0,-2.63,0,0,0,0.0,0
13.705,-0.7000000000000001,0,-2.63,0,0,0,0.0,0
13.706,-0.7000000000000001,0,-2.63,0,0,0,0.0,0
13.706,-0.7000000000000001,0,-2.63,0,0,0,0.0,0
13.706,-0.7000000000000001,0,-2.63,0,0,0,0.0,0
13.707,-0.7000000000000001,0,-2.63,0,0,0,0.0,0
13.707,-0.7000000000000001,0,-2.63,0,0,0,0.0,0
13.708,-0.7000000000000001,0,-2.63,0,0,0,0.0,0
13.708,-0.7000000000000001,0,-2.63,0,0,0,0.0,0
13.709,-0.7000000000000001,0,-2.63,0,0,0,0.0,0
13.709,-0.7000000000000001,0,-2.63,0,0,0,0.0,0
13.71,-0.7000000000000001,0,-2.63,0,0,0,0.0,0
13.71,-0.7000000000000001,0,-2.63,0,0,0,0.0,0
13.711,-0.7000000000000001,0,-2.63,0,0,0,0.0,0
13.711,-0.7000000000000001,0,-2.63,0,0,0,0.0,0
13.711,-0.7000000000000001,0,-2.63,0,0,0,0.0,0
13.713,-0.7000000000000001,0,-2.63,0,0,0,0.0,0
13.713,-0.7000000000000001,0,-2.63,0,0,0,0.0,0
13.714,-0.7000000000000001,0,-2.63,0,0,0,0.0,0
13.714,-0.7000000000000001,0,-2.63,0,0,0,0.0,0
13.715,-0.7000000000000001,0,-2.63,0,0,0,0.0,0
13.715,-0.7000000000000001,0,-2.63,0,0,0,0.0,0
13.716,-0.7000000000000001,0,-2.63,0,0,0,0.0,0
13.716,-0.7000000000000001,0,-2.63,0,0,0,0.0,0
13.717,-0.7000000000000001,0,-2.63,0,0,0,0.0,0
13.718,-0.7000000000000001,0,-2.63,0,0,0,0.0,0
13.718,-0.7000000000000001,0,-2.63,0,0,0,0.0,0
13.718,-0.7000000000000001,0,-2.63,0,0,0,0.0,0
13.719,-0.7000000000000001,0,-2.63,0,0,0,0.0,0
13.72,-0.7000000000000001,0,-2.63,0,0,0,0.0,0
13.721,-0.7000000000000001,0,-2.63,0,0,0,0.0,0
13.721,-0.7000000000000001,0,-2.63,0,0,0,0.0,0
13.722,-0.7000000000000001,0,-2.63,0,0,0,0.0,0
13.723,-0.7000000000000001,0,-2.63,0,0,0,0.0,0
13.723,-0.7000000000000001,0,-2.63,0,0,0,0.0,0
13.723,-0.7000000000000001,0,-2.63,0,0,0,0.0,0
13.724,-0.7000000000000001,0,-2.63,0,0,0,0.0,0
13.725,-0.7000000000000001,0,-2.63,0,0,0,0.0,0
13.725,-0.7000000000000001,0,-2.63,0,0,0,0.0,0
13.726,-0.7000000000000001,0,-2.63,0,0,0,0.0,0
13.726,-0.7000000000000001,0,-2.63,0,0,0,0.0,0
13.727,-0.7000000000000001,0,-2.63,0,0,0,0.0,0
13.727,-0.7000000000000001,0,-2.63,0,0,0,0.0,0
13.728,-0.7000000000000001,0,-2.63,0,0,0,0.0,0
13.728,-0.7000000000000001,0,-2.63,0,0,0,0.0,0
13.729,-0.7000000000000001,0,-2.63,0,0,0,0.0,0
13.73,-0.7000000000000001,0,-2.63,0,0,0,0.0,0
13.73,-0.7000000000000001,0,-2.63,0,0,0,0.0,0
13.731,-0.7000000000000001,0,-2.63,0,0,0,0.0,0
13.731,-0.7000000000000001,0,-2.63,0,0,0,0.0,0
13.732,-0.7000000000000001,0,-2.63,0,0,0,0.0,0
13.732,-0.7000000000000001,0,-2.63,0,0,0,0.0,0
13.733,-0.7000000000000001,0,-2.63,0,0,0,0.0,0
13.733,-0.7000000000000001,0,-2.63,0,0,0,0.0,0
13.763,-0.7000000000000001,0,-2.63,0,0,0,0.0,0
13.764,-0.7000000000000001,0,-2.63,0,0,0,0.0,0
13.765,-0.7000000000000001,0,-2.63,0,0,0,0.0,0
13.771,-0.7000000000000001,0,-2.63,0,0,0,0.0,0
13.81,-0.7000000000000001,0,-2.63,0,0,0,0.0,0
13.811,-0.7000000000000001,0,-2.63,0,0,0,0.0,0
13.812,-0.7000000000000001,0,-2.63,0,0,0,0.0,0
13.812,-0.7000000000000001,0,-2.63,0,0,0,0.0,0
13.813,-0.7000000000000001,0,-2.63,0,0,0,0.0,0
13.813,-0.7000000000000001,0,-2.63,0,0,0,0.0,0
13.814,-0.7000000000000001,0,-2.63,0,0,0,0.0,0
13.814,-0.7000000000000001,0,-2.63,0,0,0,0.0,0
13.815,-0.7000000000000001,0,-2.63,0,0,0,0.0,0
13.816,-0.7000000000000001,0,-2.63,0,0,0,0.0,0
13.816,-0.7000000000000001,0,-2.63,0,0,0,0.0,0
13.817,-0.7000000000000001,0,-2.63,0,0,0,0.0,0
13.818,-0.7000000000000001,0,-2.63,0,0,0,0.0,0
13.818,-0.7000000000000001,0,-2.63,0,0,0,0.0,0
13.819,-0.7000000000000001,0,-2.63,0,0,0,0.0,0
13.82,-0.7000000000000001,0,-2.63,0,0,0,0.0,0
13.82,-0.7000000000000001,0,-2.63,0,0,0,0.0,0
13.821,-0.7000000000000001,0,-2.63,0,0,0,0.0,0
13.821,-0.7000000000000001,0,-2.63,0,0,0,0.0,0
13.822,-0.7000000000000001,0,-2.63,0,0,0,0.0,0
13.822,-0.7000000000000001,0,-2.63,0,0,0,0.0,0
13.823,-0.7000000000000001,0,-2.63,0,0,0,0.0,0
13.824,-0.7000000000000001,0,-2.63,0,0,0,0.0,0
13.824,-0.7000000000000001,0,-2.63,0,0,0,0.0,0
13.825,-0.7000000000000001,0,-2.63,0,0,0,0.0,0
13.826,-0.7000000000000001,0,-2.63,0,0,0,0.0,0
13.827,-0.7000000000000001,0,-2.63,0,0,0,0.0,0
13.827,-0.7000000000000001,0,-2.63,0,0,0,0.0,0
13.827,-0.7000000000000001,0,-2.63,0,0,0,0.0,0
13.829,-0.7000000000000001,0,-2.63,0,0,0,0.0,0
13.829,-0.7000000000000001,0,-2.63,0,0,0,0.0,0
13.83,-0.7000000000000001,0,-2.63,0,0,0,0.0,0
13.831,-0.7000000000000001,0,-2.63,0,0,0,0.0,0
13.831,-0.7000000000000001,0,-2.63,0,0,0,0.0,0
13.831,-0.7000000000000001,0,-2.63,0,0,0,0.0,0
13.832,-0.7000000000000001,0,-2.63,0,0,0,0.0,0
13.833,-0.7000000000000001,0,-2.63,0,0,0,0.0,0
13.833,-0.7000000000000001,0,-2.63,0,0,0,0.0,0
13.833,-0.7000000000000001,0,-2.63,0,0,0,0.0,0
13.835,-0.7000000000000001,0,-2.63,0,0,0,0.0,0
13.836,-0.7000000000000001,0,-2.63,0,0,0,0.0,0
13.836,-0.7000000000000001,0,-2.63,0,0,0,0.0,0
13.837,-0.7000000000000001,0,-2.63,0,0,0,0.0,0
13.837,-0.7000000000000001,0,-2.63,0,0,0,0.0,0
13.838,-0.7000000000000001,0,-2.63,0,0,0,0.0,0
13.838,-0.7000000000000001,0,-2.63,0,0,0,0.0,0
13.839,-0.7000000000000001,0,-2.63,0,0,0,0.0,0
13.84,-0.7000000000000001,0,-2.63,0,0,0,0.0,0
13.84,-0.7000000000000001,0,-2.63,0,0,0,0.0,0
13.841,-0.7000000000000001,0,-2.63,0,0,0,0.0,0
13.841,-0.7000000000000001,0,-2.63,0,0,0,0.0,0
13.842,-0.7000000000000001,0,-2.63,0,0,0,0.0,0
13.842,-0.7000000000000001,0,-2.63,0,0,0,0.0,0
13.843,-0.7000000000000001,0,-2.63,0,0,0,0.0,0
13.844,-0.7000000000000001,0,-2.63,0,0,0,0.0,0
13.844,-0.7000000000000001,0,-2.63,0,0,0,0.0,0
13.844,-0.7000000000000001,0,-2.63,0,0,0,0.0,0
13.846,-0.7000000000000001,0,-2.63,0,0,0,0.0,0
13.847,-0.7000000000000001,0,-2.63,0,0,0,0.0,0
13.847,-0.7000000000000001,0,-2.63,0,0,0,0.0,0
13.848,-0.7000000000000001,0,-2.63,0,0,0,0.0,0
13.849,-0.7000000000000001,0,-2.63,0,0,0,0.0,0
13.849,-0.7000000000000001,0,-2.63,0,0,0,0.0,0
13.85,-0.7000000000000001,0,-2.63,0,0,0,0.0,0
13.85,-0.7000000000000001,0,-2.63,0,0,0,0.0,0
13.851,-0.7000000000000001,0,-2.63,0,0,0,0.0,0
13.851,-0.7000000000000001,0,-2.63,0,0,0,0.0,0
13.852,-0.7000000000000001,0,-2.63,0,0,0,0.0,0
13.853,-0.7000000000000001,0,-2.63,0,0,0,0.0,0
13.853,-0.7000000000000001,0,-2.63,0,0,0,0.0,0
13.854,-0.7000000000000001,0,-2.63,0,0,0,0.0,0
13.854,-0.7000000000000001,0,-2.63,0,0,0,0.0,0
13.855,-0.7000000000000001,0,-2.63,0,0,0,0.0,0
13.855,-0.7000000000000001,0,-2.63,0,0,0,0.0,0
13.856,-0.7000000000000001,0,-2.63,0,0,0,0.0,0
13.857,-0.7000000000000001,0,-2.63,0,0,0,0.0,0
13.857,-0.7000000000000001,0,-2.63,0,0,0,0.0,0
13.858,-0.7000000000000001,0,-2.63,0,0,0,0.0,0
13.858,-0.7000000000000001,0,-2.63,0,0,0,0.0,0
13.859,-0.7000000000000001,0,-2.63,0,0,0,0.0,0
13.859,-0.7000000000000001,0,-2.63,0,0,0,0.0,0
13.86,-0.7000000000000001,0,-2.63,0,0,0,0.0,0
13.861,-0.7000000000000001,0,-2.63,0,0,0,0.0,0
13.861,-0.7000000000000001,0,-2.63,0,0,0,0.0,0
13.862,-0.7000000000000001,0,-2.63,0,0,0,0.0,0
13.864,-0.7000000000000001,0,-2.63,0,0,0,0.0,0
13.868,-0.7000000000000001,0,-2.63,0,0,0,0.0,0
13.873,-0.7000000000000001,0,-2.63,0,0,0,0.0,0
13.874,-0.7000000000000001,0,-2.63,0,0,0,0.0,0
13.875,-0.7000000000000001,0,-2.63,0,0,0,0.0,0
13.877,-0.7000000000000001,0,-2.63,0,0,0,0.0,0
13.879,-0.7000000000000001,0,-2.63,0,0,0,0.0,0
13.881,-0.7000000000000001,0,-2.63,0,0,0,0.0,0
13.882,-0.7000000000000001,0,-2.63,0,0,0,0.0,0
13.884,-0.7000000000000001,0,-2.63,0,0,0,0.0,0
13.887,-0.7000000000000001,0,-2.63,0,0,0,0.0,0
13.894,-0.7000000000000001,0,-2.63,0,0,0,0.0,0
13.899,-0.7000000000000001,0,-2.63,0,0,0,0.0,0
13.903,-0.7000000000000001,0,-2.63,0,0,0,0.0,0
13.904,-0.7000000000000001,0,-2.63,0,0,0,0.0,0
13.905,-0.7000000000000001,0,-2.63,0,0,0,0.0,0
13.905,-0.7000000000000001,0,-2.63,0,0,0,0.0,0
13.906,-0.7000000000000001,0,-2.63,0,0,0,0.0,0
13.906,-0.7000000000000001,0,-2.63,0,0,0,0.0,0
13.906,-0.7000000000000001,0,-2.63,0,0,0,0.0,0
13.907,-0.7000000000000001,0,-2.63,0,0,0,0.0,0
13.908,-0.7000000000000001,0,-2.63,0,0,0,0.0,0
13.908,-0.7000000000000001,0,-2.63,0,0,0,0.0,0
13.909,-0.7000000000000001,0,-2.63,0,0,0,0.0,0
13.91,-0.7000000000000001,0,-2.63,0,0,0,0.0,0
13.91,-0.7000000000000001,0,-2.63,0,0,0,0.0,0
13.911,-0.7000000000000001,0,-2.63,0,0,0,0.0,0
13.911,-0.7000000000000001,0,-2.63,0,0,0,0.0,0
13.911,-0.7000000000000001,0,-2.63,0,0,0,0.0,0
13.912,-0.7000000000000001,0,-2.63,0,0,0,0.0,0
13.912,-0.7000000000000001,0,-2.63,0,0,0,0.0,0
13.913,-0.7000000000000001,0,-2.63,0,0,0,0.0,0
13.913,-0.7000000000000001,0,-2.63,0,0,0,0.0,0
13.914,-0.7000000000000001,0,-2.63,0,0,0,0.0,0
13.914,-0.7000000000000001,0,-2.63,0,0,0,0.0,0
13.915,-0.7000000000000001,0,-2.63,0,0,0,0.0,0
13.915,-0.7000000000000001,0,-2.63,0,0,0,0.0,0
13.916,-0.7000000000000001,0,-2.63,0,0,0,0.0,0
13.916,-0.7000000000000001,0,-2.63,0,0,0,0.0,0
13.917,-0.7000000000000001,0,-2.63,0,0,0,0.0,0
13.917,-0.7000000000000001,0,-2.63,0,0,0,0.0,0
13.918,-0.7000000000000001,0,-2.63,0,0,0,0.0,0
13.918,-0.7000000000000001,0,-2.63,0,0,0,0.0,0
13.919,-0.7000000000000001,0,-2.63,0,0,0,0.0,0
13.919,-0.7000000000000001,0,-2.63,0,0,0,0.0,0
13.92,-0.7000000000000001,0,-2.63,0,0,0,0.0,0
13.921,-0.7000000000000001,0,-2.63,0,0,0,0.0,0
13.921,-0.7000000000000001,0,-2.63,0,0,0,0.0,0
13.922,-0.7000000000000001,0,-2.63,0,0,0,0.0,0
13.922,-0.7000000000000001,0,-2.63,0,0,0,0.0,0
13.923,-0.7000000000000001,0,-2.63,0,0,0,0.0,0
13.923,-0.7000000000000001,0,-2.63,0,0,0,0.0,0
13.924,-0.7000000000000001,0,-2.63,0,0,0,0.0,0
13.924,-0.7000000000000001,0,-2.63,0,0,0,0.0,0
13.925,-0.7000000000000001,0,-2.63,0,0,0,0.0,0
13.925,-0.7000000000000001,0,-2.63,0,0,0,0.0,0
13.926,-0.7000000000000001,0,-2.63,0,0,0,0.0,0
13.926,-0.7000000000000001,0,-2.63,0,0,0,0.0,0
13.927,-0.7000000000000001,0,-2.63,0,0,0,0.0,0
13.927,-0.7000000000000001,0,-2.63,0,0,0,0.0,0
13.928,-0.7000000000000001,0,-2.63,0,0,0,0.0,0
13.928,-0.7000000000000001,0,-2.63,0,0,0,0.0,0
13.929,-0.7000000000000001,0,-2.63,0,0,0,0.0,0
13.929,-0.7000000000000001,0,-2.63,0,0,0,0.0,0
13.93,-0.7000000000000001,0,-2.63,0,0,0,0.0,0
13.93,-0.7000000000000001,0,-2.63,0,0,0,0.0,0
13.931,-0.7000000000000001,0,-2.63,0,0,0,0.0,0
13.931,-0.7000000000000001,0,-2.63,0,0,0,0.0,0
13.932,-0.7000000000000001,0,-2.63,0,0,0,0.0,0
13.932,-0.7000000000000001,0,-2.63,0,0,0,0.0,0
13.933,-0.7000000000000001,0,-2.63,0,0,0,0.0,0
13.934,-0.7000000000000001,0,-2.63,0,0,0,0.0,0
13.934,-0.7000000000000001,0,-2.63,0,0,0,0.0,0
13.935,-0.7000000000000001,0,-2.63,0,0,0,0.0,0
13.935,-0.7000000000000001,0,-2.63,0,0,0,0.0,0
13.936,-0.7000000000000001,0,-2.63,0,0,0,0.0,0
13.936,-0.7000000000000001,0,-2.63,0,0,0,0.0,0
13.937,-0.7000000000000001,0,-2.63,0,0,0,0.0,0
13.938,-0.7000000000000001,0,-2.63,0,0,0,0.0,0
13.938,-0.7000000000000001,0,-2.63,0,0,0,0.0,0
13.938,-0.7000000000000001,0,-2.63,0,0,0,0.0,0
13.939,-0.7000000000000001,0,-2.63,0,0,0,0.0,0
13.939,-0.7000000000000001,0,-2.63,0,0,0,0.0,0
13.94,-0.7000000000000001,0,-2.63,0,0,0,0.0,0
13.94,-0.7000000000000001,0,-2.63,0,0,0,0.0,0
13.941,-0.7000000000000001,0,-2.63,0,0,0,0.0,0
13.942,-0.7000000000000001,0,-2.63,0,0,0,0.0,0
13.942,-0.7000000000000001,0,-2.63,0,0,0,0.0,0
13.944,-0.7000000000000001,0,-2.63,0,0,0,0.0,0
13.945,-0.7000000000000001,0,-2.63,0,0,0,0.0,0
13.945,-0.7000000000000001,0,-2.63,0,0,0,0.0,0
13.946,-0.7000000000000001,0,-2.63,0,0,0,0.0,0
13.947,-0.7000000000000001,0,-2.63,0,0,0,0.0,0
13.948,-0.7000000000000001,0,-2.63,0,0,0,0.0,0
13.948,-0.7000000000000001,0,-2.63,0,0,0,0.0,0
13.949,-0.7000000000000001,0,-2.63,0,0,0,0.0,0
13.95,-0.7000000000000001,0,-2.63,0,0,0,0.0,0
13.951,-0.7000000000000001,0,-2.63,0,0,0,0.0,0
13.952,-0.7000000000000001,0,-2.63,0,0,0,0.0,0
13.952,-0.7000000000000001,0,-2.63,0,0,0,0.0,0
13.953,-0.7000000000000001,0,-2.63,0,0,0,0.0,0
13.954,-0.7000000000000001,0,-2.63,0,0,0,0.0,0
13.955,-0.7000000000000001,0,-2.63,0,0,0,0.0,0
13.955,-0.7000000000000001,0,-2.63,0,0,0,0.0,0
13.956,-0.7000000000000001,0,-2.63,0,0,0,0.0,0
13.957,-0.7000000000000001,0,-2.63,0,0,0,0.0,0
13.958,-0.7000000000000001,0,-2.63,0,0,0,0.0,0
13.958,-0.7000000000000001,0,-2.63,0,0,0,0.0,0
13.959,-0.7000000000000001,0,-2.63,0,0,0,0.0,0
13.96,-0.7000000000000001,0,-2.63,0,0,0,0.0,0
13.96,-0.7000000000000001,0,-2.63,0,0,0,0.0,0
13.961,-0.7000000000000001,0,-2.63,0,0,0,0.0,0
13.962,-0.7000000000000001,0,-2.63,0,0,0,0.0,0
13.963,-0.7000000000000001,0,-2.63,0,0,0,0.0,0
13.964,-0.7000000000000001,0,-2.63,0,0,0,0.0,0
13.964,-0.7000000000000001,0,-2.63,0,0,0,0.0,0
13.965,-0.7000000000000001,0,-2.63,0,0,0,0.0,0
13.966,-0.7000000000000001,0,-2.63,0,0,0,0.0,0
13.966,-0.7000000000000001,0,-2.63,0,0,0,0.0,0
13.967,-0.7000000000000001,0,-2.63,0,0,0,0.0,0
13.968,-0.7000000000000001,0,-2.63,0,0,0,0.0,0
13.969,-0.7000000000000001,0,-2.63,0,0,0,0.0,0
13.969,-0.7000000000000001,0,-2.63,0,0,0,0.0,0
13.976,-0.7000000000000001,0,-2.63,0,0,0,0.0,0
13.978,-0.7000000000000001,0,-2.63,0,0,0,0.0,0
13.981,-0.7000000000000001,0,-2.63,0,0,0,0.0,0
13.983,-0.7000000000000001,0,-2.63,0,0,0,0.0,0
13.986,-0.7000000000000001,0,-2.63,0,0,0,0.0,0
13.987,-0.7000000000000001,0,-2.63,0,0,0,0.0,0
13.991,-0.7000000000000001,0,-2.63,0,0,0,0.0,0
13.992,-0.7000000000000001,0,-2.63,0,0,0,0.0,0
13.994,-0.7000000000000001,0,-2.63,0,0,0,0.0,0
13.997,-0.7000000000000001,0,-2.63,0,0,0,0.0,0
13.999,-0.7000000000000001,0,-2.63,0,0,0,0.0,0
14.002,-0.7000000000000001,0,-2.63,0,0,0,0.0,0
14.005,-0.7000000000000001,0,-2.63,0,0,0,0.0,0
14.009,-0.7000000000000001,0,-2.63,0,0,0,0.0,0
14.012,-0.7000000000000001,0,-2.63,0,0,0,0.0,0
14.015,-0.7000000000000001,0,-2.63,0,0,0,0.0,0
14.017,-0.7000000000000001,0,-2.63,0,0,0,0.0,0
14.018,-0.7000000000000001,0,-2.63,0,0,0,0.0,0
14.019,-0.7000000000000001,0,-2.63,0,0,0,0.0,0
14.02,-0.7000000000000001,0,-2.63,0,0,0,0.0,0
14.021,-0.7000000000000001,0,-2.63,0,0,0,0.0,0
14.022,-0.7000000000000001,0,-2.63,0,0,0,0.0,0
14.022,-0.7000000000000001,0,-2.63,0,0,0,0.0,0
14.023,-0.7000000000000001,0,-2.63,0,0,0,0.0,0
14.024,-0.7000000000000001,0,-2.63,0,0,0,0.0,0
14.025,-0.7000000000000001,0,-2.63,0,0,0,0.0,0
14.025,-0.7000000000000001,0,-2.63,0,0,0,0.0,0
14.026,-0.7000000000000001,0,-2.63,0,0,0,0.0,0
14.027,-0.7000000000000001,0,-2.63,0,0,0,0.0,0
14.028,-0.7000000000000001,0,-2.63,0,0,0,0.0,0
14.029,-0.7000000000000001,0,-2.63,0,0,0,0.0,0
14.03,-0.7000000000000001,0,-2.63,0,0,0,0.0,0
14.031,-0.7000000000000001,0,-2.63,0,0,0,0.0,0
14.031,-0.7000000000000001,0,-2.63,0,0,0,0.0,0
14.032,-0.7000000000000001,0,-2.63,0,0,0,0.0,0
14.033,-0.7000000000000001,0,-2.63,0,0,0,0.0,0
14.035,-0.7000000000000001,0,-2.63,0,0,0,0.0,0
14.036,-0.7000000000000001,0,-2.63,0,0,0,0.0,0
14.037,-0.7000000000000001,0,-2.63,0,0,0,0.0,0
14.037,-0.7000000000000001,0,-2.63,0,0,0,0.0,0
14.038,-0.7000000000000001,0,-2.63,0,0,0,0.0,0
14.039,-0.7000000000000001,0,-2.63,0,0,0,0.0,0
14.04,-0.7000000000000001,0,-2.63,0,0,0,0.0,0
14.042,-0.7000000000000001,0,-2.63,0,0,0,0.0,0
14.042,-0.7000000000000001,0,-2.63,0,0,0,0.0,0
14.043,-0.7000000000000001,0,-2.63,0,0,0,0.0,0
14.044,-0.7000000000000001,0,-2.63,0,0,0,0.0,0
14.045,-0.7000000000000001,0,-2.63,0,0,0,0.0,0
14.045,-0.7000000000000001,0,-2.63,0,0,0,0.0,0
14.046,-0.7000000000000001,0,-2.63,0,0,0,0.0,0
14.047,-0.7000000000000001,0,-2.63,0,0,0,0.0,0
14.048,-0.7000000000000001,0,-2.63,0,0,0,0.0,0
14.048,-0.7000000000000001,0,-2.63,0,0,0,0.0,0
14.049,-0.7000000000000001,0,-2.63,0,0,0,0.0,0
14.049,-0.7000000000000001,0,-2.63,0,0,0,0.0,0
14.05,-0.7000000000000001,0,-2.63,0,0,0,0.0,0
14.051,-0.7000000000000001,0,-2.63,0,0,0,0.0,0
14.052,-0.7000000000000001,0,-2.63,0,0,0,0.0,0
14.052,-0.7000000000000001,0,-2.63,0,0,0,0.0,0
14.054,-0.7000000000000001,0,-2.63,0,0,0,0.0,0
14.054,-0.7000000000000001,0,-2.63,0,0,0,0.0,0
14.055,-0.7000000000000001,0,-2.63,0,0,0,0.0,0
14.056,-0.7000000000000001,0,-2.63,0,0,0,0.0,0
14.057,-0.7000000000000001,0,-2.63,0,0,0,0.0,0
14.057,-0.7000000000000001,0,-2.63,0,0,0,0.0,0
14.057,-0.7000000000000001,0,-2.63,0,0,0,0.0,0
14.058,-0.7000000000000001,0,-2.63,0,0,0,0.0,0
14.059,-0.7000000000000001,0,-2.63,0,0,0,0.0,0
14.06,-0.7000000000000001,0,-2.63,0,0,0,0.0,0
14.06,-0.7000000000000001,0,-2.63,0,0,0,0.0,0
14.061,-0.7000000000000001,0,-2.63,0,0,0,0.0,0
14.062,-0.7000000000000001,0,-2.63,0,0,0,0.0,0
14.062,-0.7000000000000001,0,-2.63,0,0,0,0.0,0
14.063,-0.7000000000000001,0,-2.63,0,0,0,0.0,0
14.064,-0.7000000000000001,0,-2.63,0,0,0,0.0,0
14.064,-0.7000000000000001,0,-2.63,0,0,0,0.0,0
14.065,-0.7000000000000001,0,-2.63,0,0,0,0.0,0
14.065,-0.7000000000000001,0,-2.63,0,0,0,0.0,0
14.066,-0.7000000000000001,0,-2.63,0,0,0,0.0,0
14.067,-0.7000000000000001,0,-2.63,0,0,0,0.0,0
14.067,-0.7000000000000001,0,-2.63,0,0,0,0.0,0
14.068,-0.7000000000000001,0,-2.63,0,0,0,0.0,0
14.069,-0.7000000000000001,0,-2.63,0,0,0,0.0,0
14.069,-0.7000000000000001,0,-2.63,0,0,0,0.0,0
14.07,-0.7000000000000001,0,-2.63,0,0,0,0.0,0
14.071,-0.7000000000000001,0,-2.63,0,0,0,0.0,0
14.071,-0.7000000000000001,0,-2.63,0,0,0,0.0,0
14.072,-0.7000000000000001,0,-2.63,0,0,0,0.0,0
14.073,-0.7000000000000001,0,-2.63,0,0,0,0.0,0
14.074,-0.7000000000000001,0,-2.63,0,0,0,0.0,0
14.074,-0.7000000000000001,0,-2.63,0,0,0,0.0,0
14.075,-0.7000000000000001,0,-2.63,0,0,0,0.0,0
14.077,-0.7000000000000001,0,-2.63,0,0,0,0.0,0
14.078,-0.7000000000000001,0,-2.63,0,0,0,0.0,0
14.079,-0.7000000000000001,0,-2.63,0,0,0,0.0,0
14.079,-0.7000000000000001,0,-2.63,0,0,0,0.0,0
14.08,-0.7000000000000001,0,-2.63,0,0,0,0.0,0
14.081,-0.7000000000000001,0,-2.63,0,0,0,0.0,0
14.082,-0.7000000000000001,0,-2.63,0,0,0,0.0,0
14.083,-0.7000000000000001,0,-2.63,0,0,0,0.0,0
14.084,-0.7000000000000001,0,-2.63,0,0,0,0.0,0
14.085,-0.7000000000000001,0,-2.63,0,0,0,0.0,0
14.085,-0.7000000000000001,0,-2.63,0,0,0,0.0,0
14.086,-0.7000000000000001,0,-2.63,0,0,0,0.0,0
14.087,-0.7000000000000001,0,-2.63,0,0,0,0.0,0
14.088,-0.7000000000000001,0,-2.63,0,0,0,0.0,0
14.095,-0.7000000000000001,0,-2.63,0,0,0,0.0,0
14.099,-0.7000000000000001,0,-2.63,0,0,0,0.0,0
14.104,-0.7000000000000001,0,-2.63,0,0,0,0.0,0
14.109,-0.7000000000000001,0,-2.63,0,0,0,0.0,0
14.111,-0.7000000000000001,0,-2.63,0,0,0,0.0,0
14.115,-0.7000000000000001,0,-2.63,0,0,0,0.0,0
14.118,-0.7000000000000001,0,-2.63,0,0,0,0.0,0
14.12,-0.7000000000000001,0,-2.63,0,0,0,0.0,0
14.124,-0.7000000000000001,0,-2.63,0,0,0,0.0,0
14.128,-0.7000000000000001,0,-2.63,0,0,0,0.0,0
14.13,-0.7000000000000001,0,-2.63,0,0,0,0.0,0
14.133,-0.7000000000000001,0,-2.63,0,0,0,0.0,0
14.136,-0.7000000000000001,0,-2.63,0,0,0,0.0,0
14.137,-0.7000000000000001,0,-2.63,0,0,0,0.0,0
14.137,-0.7000000000000001,0,-2.63,0,0,0,0.0,0
14.137,-0.7000000000000001,0,-2.63,0,0,0,0.0,0
14.138,-0.7000000000000001,0,-2.63,0,0,0,0.0,0
14.139,-0.7000000000000001,0,-2.63,0,0,0,0.0,0
14.139,-0.7000000000000001,0,-2.63,0,0,0,0.0,0
14.14,-0.7000000000000001,0,-2.63,0,0,0,0.0,0
14.14,-0.7000000000000001,0,-2.63,0,0,0,0.0,0
14.141,-0.7000000000000001,0,-2.63,0,0,0,0.0,0
14.141,-0.7000000000000001,0,-2.63,0,0,0,0.0,0
14.142,-0.7000000000000001,0,-2.63,0,0,0,0.0,0
14.142,-0.7000000000000001,0,-2.63,0,0,0,0.0,0
14.144,-0.7000000000000001,0,-2.63,0,0,0,0.0,0
14.144,-0.7000000000000001,0,-2.63,0,0,0,0.0,0
14.145,-0.7000000000000001,0,-2.63,0,0,0,0.0,0
14.145,-0.7000000000000001,0,-2.63,0,0,0,0.0,0
14.146,-0.7000000000000001,0,-2.63,0,0,0,0.0,0
14.146,-0.7000000000000001,0,-2.63,0,0,0,0.0,0
14.147,-0.7000000000000001,0,-2.63,0,0,0,0.0,0
14.147,-0.7000000000000001,0,-2.63,0,0,0,0.0,0
14.148,-0.7000000000000001,0,-2.63,0,0,0,0.0,0
14.148,-0.7000000000000001,0,-2.63,0,0,0,0.0,0
14.15,-0.7000000000000001,0,-2.63,0,0,0,0.0,0
14.15,-0.7000000000000001,0,-2.63,0,0,0,0.0,0
14.151,-0.7000000000000001,0,-2.63,0,0,0,0.0,0
14.151,-0.7000000000000001,0,-2.63,0,0,0,0.0,0
14.152,-0.7000000000000001,0,-2.63,0,0,0,0.0,0
14.153,-0.7000000000000001,0,-2.63,0,0,0,0.0,0
14.153,-0.7000000000000001,0,-2.63,0,0,0,0.0,0
14.153,-0.7000000000000001,0,-2.63,0,0,0,0.0,0
14.154,-0.7000000000000001,0,-2.63,0,0,0,0.0,0
14.154,-0.7000000000000001,0,-2.63,0,0,0,0.0,0
14.155,-0.7000000000000001,0,-2.63,0,0,0,0.0,0
14.156,-0.7000000000000001,0,-2.63,0,0,0,0.0,0
14.156,-0.7000000000000001,0,-2.63,0,0,0,0.0,0
14.157,-0.7000000000000001,0,-2.63,0,0,0,0.0,0
14.157,-0.7000000000000001,0,-2.63,0,0,0,0.0,0
14.158,-0.7000000000000001,0,-2.63,0,0,0,0.0,0
14.158,-0.7000000000000001,0,-2.63,0,0,0,0.0,0
14.159,-0.7000000000000001,0,-2.63,0,0,0,0.0,0
14.159,-0.7000000000000001,0,-2.63,0,0,0,0.0,0
14.16,-0.7000000000000001,0,-2.63,0,0,0,0.0,0
14.16,-0.7000000000000001,0,-2.63,0,0,0,0.0,0
14.161,-0.7000000000000001,0,-2.63,0,0,0,0.0,0
14.162,-0.7000000000000001,0,-2.63,0,0,0,0.0,0
14.162,-0.7000000000000001,0,-2.63,0,0,0,0.0,0
14.163,-0.7000000000000001,0,-2.63,0,0,0,0.0,0
14.163,-0.7000000000000001,0,-2.63,0,0,0,0.0,0
14.164,-0.7000000000000001,0,-2.63,0,0,0,0.0,0
14.164,-0.7000000000000001,0,-2.63,0,0,0,0.0,0
14.165,-0.7000000000000001,0,-2.63,0,0,0,0.0,0
14.165,-0.7000000000000001,0,-2.63,0,0,0,0.0,0
14.166,-0.7000000000000001,0,-2.63,0,0,0,0.0,0
14.167,-0.7000000000000001,0,-2.63,0,0,0,0.0,0
14.167,-0.7000000000000001,0,-2.63,0,0,0,0.0,0
14.167,-0.7000000000000001,0,-2.63,0,0,0,0.0,0
14.168,-0.7000000000000001,0,-2.63,0,0,0,0.0,0
14.168,-0.7000000000000001,0,-2.63,0,0,0,0.0,0
14.169,-0.7000000000000001,0,-2.63,0,0,0,0.0,0
14.17,-0.7000000000000001,0,-2.63,0,0,0,0.0,0
14.17,-0.7000000000000001,0,-2.63,0,0,0,0.0,0
14.171,-0.7000000000000001,0,-2.63,0,0,0,0.0,0
14.171,-0.7000000000000001,0,-2.63,0,0,0,0.0,0
14.172,-0.7000000000000001,0,-2.63,0,0,0,0.0,0
14.172,-0.7000000000000001,0,-2.63,0,0,0,0.0,0
14.173,-0.7000000000000001,0,-2.63,0,0,0,0.0,0
14.174,-0.7000000000000001,0,-2.63,0,0,0,0.0,0
14.174,-0.7000000000000001,0,-2.63,0,0,0,0.0,0
14.174,-0.7000000000000001,0,-2.63,0,0,0,0.0,0
14.175,-0.7000000000000001,0,-2.63,0,0,0,0.0,0
14.175,-0.7000000000000001,0,-2.63,0,0,0,0.0,0
14.176,-0.7000000000000001,0,-2.63,0,0,0,0.0,0
14.176,-0.7000000000000001,0,-2.63,0,0,0,0.0,0
14.177,-0.7000000000000001,0,-2.63,0,0,0,0.0,0
14.177,-0.7000000000000001,0,-2.63,0,0,0,0.0,0
14.178,-0.7000000000000001,0,-2.63,0,0,0,0.0,0
14.179,-0.7000000000000001,0,-2.63,0,0,0,0.0,0
14.179,-0.7000000000000001,0,-2.63,0,0,0,0.0,0
14.181,-0.7000000000000001,0,-2.63,0,0,0,0.0,0
14.182,-0.7000000000000001,0,-2.63,0,0,0,0.0,0
14.182,-0.7000000000000001,0,-2.63,0,0,0,0.0,0
14.183,-0.7000000000000001,0,-2.63,0,0,0,0.0,0
14.183,-0.7000000000000001,0,-2.63,0,0,0,0.0,0
14.184,-0.7000000000000001,0,-2.63,0,0,0,0.0,0
14.185,-0.7000000000000001,0,-2.63,0,0,0,0.0,0
14.185,-0.7000000000000001,0,-2.63,0,0,0,0.0,0
14.186,-0.7000000000000001,0,-2.63,0,0,0,0.0,0
14.186,-0.7000000000000001,0,-2.63,0,0,0,0.0,0
14.187,-0.7000000000000001,0,-2.63,0,0,0,0.0,0
14.187,-0.7000000000000001,0,-2.63,0,0,0,0.0,0
14.188,-0.7000000000000001,0,-2.63,0,0,0,0.0,0
14.189,-0.7000000000000001,0,-2.63,0,0,0,0.0,0
14.189,-0.7000000000000001,0,-2.63,0,0,0,0.0,0
14.19,-0.7000000000000001,0,-2.63,0,0,0,0.0,0
14.19,-0.7000000000000001,0,-2.63,0,0,0,0.0,0
14.19,-0.7000000000000001,0,-2.63,0,0,0,0.0,0
14.19,-0.7000000000000001,0,-2.63,0,0,0,0.0,0
14.191,-0.7000000000000001,0,-2.63,0,0,0,0.0,0
14.192,-0.7000000000000001,0,-2.63,0,0,0,0.0,0
14.192,-0.7000000000000001,0,-2.63,0,0,0,0.0,0
14.193,-0.7000000000000001,0,-2.63,0,0,0,0.0,0
14.193,-0.7000000000000001,0,-2.63,0,0,0,0.0,0
14.197,-0.7000000000000001,0,-2.63,0,0,0,0.0,0
14.204,-0.7000000000000001,0,-2.63,0,0,0,0.0,0
14.208,-0.7000000000000001,0,-2.63,0,0,0,0.0,0
14.211,-0.7000000000000001,0,-2.63,0,0,0,0.0,0
14.217,-0.7000000000000001,0,-2.63,0,0,0,0.0,0
14.219,-0.7000000000000001,0,-2.63,0,0,0,0.0,0
14.223,-0.7000000000000001,0,-2.63,0,0,0,0.0,0
14.226,-0.7000000000000001,0,-2.63,0,0,0,0.0,0
14.232,-0.7000000000000001,0,-2.63,0,0,0,0.0,0
14.237,-0.7000000000000001,0,-2.63,0,0,0,0.0,0
14.24,-0.7000000000000001,0,-2.63,0,0,0,0.0,0
14.241,-0.7000000000000001,0,-2.63,0,0,0,0.0,0
14.242,-0.7000000000000001,0,-2.63,0,0,0,0.0,0
14.242,-0.7000000000000001,0,-2.63,0,0,0,0.0,0
14.243,-0.7000000000000001,0,-2.63,0,0,0,0.0,0
14.243,-0.7000000000000001,0,-2.63,0,0,0,0.0,0
14.244,-0.7000000000000001,0,-2.63,0,0,0,0.0,0
14.244,-0.7000000000000001,0,-2.63,0,0,0,0.0,0
14.245,-0.7000000000000001,0,-2.63,0,0,0,0.0,0
14.246,-0.7000000000000001,0,-2.63,0,0,0,0.0,0
14.246,-0.7000000000000001,0,-2.63,0,0,0,0.0,0
14.247,-0.7000000000000001,0,-2.63,0,0,0,0.0,0
14.247,-0.7000000000000001,0,-2.63,0,0,0,0.0,0
14.249,-0.7000000000000001,0,-2.63,0,0,0,0.0,0
14.249,-0.7000000000000001,0,-2.63,0,0,0,0.0,0
14.25,-0.7000000000000001,0,-2.63,0,0,0,0.0,0
14.251,-0.7000000000000001,0,-2.63,0,0,0,0.0,0
14.251,-0.7000000000000001,0,-2.63,0,0,0,0.0,0
14.252,-0.7000000000000001,0,-2.63,0,0,0,0.0,0
14.252,-0.7000000000000001,0,-2.63,0,0,0,0.0,0
14.253,-0.7000000000000001,0,-2.63,0,0,0,0.0,0
14.254,-0.7000000000000001,0,-2.63,0,0,0,0.0,0
14.254,-0.7000000000000001,0,-2.63,0,0,0,0.0,0
14.255,-0.7000000000000001,0,-2.63,0,0,0,0.0,0
14.256,-0.7000000000000001,0,-2.63,0,0,0,0.0,0
14.256,-0.7000000000000001,0,-2.63,0,0,0,0.0,0
14.256,-0.7000000000000001,0,-2.63,0,0,0,0.0,0
14.257,-0.7000000000000001,0,-2.63,0,0,0,0.0,0
14.258,-0.7000000000000001,0,-2.63,0,0,0,0.0,0
14.258,-0.7000000000000001,0,-2.63,0,0,0,0.0,0
14.259,-0.7000000000000001,0,-2.63,0,0,0,0.0,0
14.259,-0.7000000000000001,0,-2.63,0,0,0,0.0,0
14.261,-0.7000000000000001,0,-2.63,0,0,0,0.0,0
14.261,-0.7000000000000001,0,-2.63,0,0,0,0.0,0
14.261,-0.7000000000000001,0,-2.63,0,0,0,0.0,0
14.261,-0.7000000000000001,0,-2.63,0,0,0,0.0,0
14.262,-0.7000000000000001,0,-2.63,0,0,0,0.0,0
14.263,-0.7000000000000001,0,-2.63,0,0,0,0.0,0
14.263,-0.7000000000000001,0,-2.63,0,0,0,0.0,0
14.264,-0.7000000000000001,0,-2.63,0,0,0,0.0,0
14.266,-0.7000000000000001,0,-2.63,0,0,0,0.0,0
14.266,-0.7000000000000001,0,-2.63,0,0,0,0.0,0
14.267,-0.7000000000000001,0,-2.63,0,0,0,0.0,0
14.268,-0.7000000000000001,0,-2.63,0,0,0,0.0,0
14.268,-0.7000000000000001,0,-2.63,0,0,0,0.0,0
14.27,-0.7000000000000001,0,-2.63,0,0,0,0.0,0
14.27,-0.7000000000000001,0,-2.63,0,0,0,0.0,0
14.27,-0.7000000000000001,0,-2.63,0,0,0,0.0,0
14.271,-0.7000000000000001,0,-2.63,0,0,0,0.0,0
14.271,-0.7000000000000001,0,-2.63,0,0,0,0.0,0
14.272,-0.7000000000000001,0,-2.63,0,0,0,0.0,0
14.273,-0.7000000000000001,0,-2.63,0,0,0,0.0,0
14.273,-0.7000000000000001,0,-2.63,0,0,0,0.0,0
14.274,-0.7000000000000001,0,-2.63,0,0,0,0.0,0
14.274,-0.7000000000000001,0,-2.63,0,0,0,0.0,0
14.275,-0.7000000000000001,0,-2.63,0,0,0,0.0,0
14.275,-0.7000000000000001,0,-2.63,0,0,0,0.0,0
14.276,-0.7000000000000001,0,-2.63,0,0,0,0.0,0
14.276,-0.7000000000000001,0,-2.63,0,0,0,0.0,0
14.277,-0.7000000000000001,0,-2.63,0,0,0,0.0,0
14.278,-0.7000000000000001,0,-2.63,0,0,0,0.0,0
14.278,-0.7000000000000001,0,-2.63,0,0,0,0.0,0
14.279,-0.7000000000000001,0,-2.63,0,0,0,0.0,0
14.28,-0.7000000000000001,0,-2.63,0,0,0,0.0,0
14.28,-0.7000000000000001,0,-2.63,0,0,0,0.0,0
14.281,-0.7000000000000001,0,-2.63,0,0,0,0.0,0
14.282,-0.7000000000000001,0,-2.63,0,0,0,0.0,0
14.283,-0.7000000000000001,0,-2.63,0,0,0,0.0,0
14.284,-0.7000000000000001,0,-2.63,0,0,0,0.0,0
14.284,-0.7000000000000001,0,-2.63,0,0,0,0.0,0
14.285,-0.7000000000000001,0,-2.63,0,0,0,0.0,0
14.285,-0.7000000000000001,0,-2.63,0,0,0,0.0,0
14.286,-0.7000000000000001,0,-2.63,0,0,0,0.0,0
14.287,-0.7000000000000001,0,-2.63,0,0,0,0.0,0
14.288,-0.7000000000000001,0,-2.63,0,0,0,0.0,0
14.288,-0.7000000000000001,0,-2.63,0,0,0,0.0,0
14.289,-0.7000000000000001,0,-2.63,0,0,0,0.0,0
14.289,-0.7000000000000001,0,-2.63,0,0,0,0.0,0
14.29,-0.7000000000000001,0,-2.63,0,0,0,0.0,0
14.29,-0.7000000000000001,0,-2.63,0,0,0,0.0,0
14.291,-0.7000000000000001,0,-2.63,0,0,0,0.0,0
14.291,-0.7000000000000001,0,-2.63,0,0,0,0.0,0
14.292,-0.7000000000000001,0,-2.63,0,0,0,0.0,0
14.292,-0.7000000000000001,0,-2.63,0,0,0,0.0,0
14.293,-0.7000000000000001,0,-2.63,0,0,0,0.0,0
14.293,-0.7000000000000001,0,-2.63,0,0,0,0.0,0
14.294,-0.7000000000000001,0,-2.63,0,0,0,0.0,0
14.295,-0.7000000000000001,0,-2.63,0,0,0,0.0,0
14.295,-0.7000000000000001,0,-2.63,0,0,0,0.0,0
14.296,-0.7000000000000001,0,-2.63,0,0,0,0.0,0
14.296,-0.7000000000000001,0,-2.63,0,0,0,0.0,0
14.297,-0.7000000000000001,0,-2.63,0,0,0,0.0,0
14.297,-0.7000000000000001,0,-2.63,0,0,0,0.0,0
14.299,-0.7000000000000001,0,-2.63,0,0,0,0.0,0
14.299,-0.7000000000000001,0,-2.63,0,0,0,0.0,0
14.299,-0.7000000000000001,0,-2.63,0,0,0,0.0,0
14.301,-0.7000000000000001,0,-2.63,0,0,0,0.0,0
14.301,-0.7000000000000001,0,-2.63,0,0,0,0.0,0
14.302,-0.7000000000000001,0,-2.63,0,0,0,0.0,0
14.303,-0.7000000000000001,0,-2.63,0,0,0,0.0,0
14.308,-0.7000000000000001,0,-2.63,0,0,0,0.0,0
14.312,-0.7000000000000001,0,-2.63,0,0,0,0.0,0
14.313,-0.7000000000000001,0,-2.63,0,0,0,0.0,0
14.316,-0.7000000000000001,0,-2.63,0,0,0,0.0,0
14.319,-0.7000000000000001,0,-2.63,0,0,0,0.0,0
14.323,-0.7000000000000001,0,-2.63,0,0,0,0.0,0
14.33,-0.7000000000000001,0,-2.63,0,0,0,0.0,0
14.334,-0.7000000000000001,0,-2.63,0,0,0,0.0,0
14.338,-0.7000000000000001,0,-2.63,0,0,0,0.0,0
14.341,-0.7000000000000001,0,-2.63,0,0,0,0.0,0
14.344,-0.7000000000000001,0,-2.63,0,0,0,0.0,0
14.349,-0.7000000000000001,0,-2.63,0,0,0,0.0,0
14.354,-0.7000000000000001,0,-2.63,0,0,0,0.0,0
14.369,-0.7000000000000001,0,-2.63,0,0,0,0.0,0
14.38,-0.7000000000000001,0,-2.63,0,0,0,0.0,0
14.385,-0.7000000000000001,0,-2.63,0,0,0,0.0,0
14.387,-0.7000000000000001,0,-2.63,0,0,0,0.0,0
14.389,-0.7000000000000001,0,-2.63,0,0,0,0.0,0
14.39,-0.7000000000000001,0,-2.63,0,0,0,0.0,0
14.391,-0.7000000000000001,0,-2.63,0,0,0,0.0,0
14.392,-0.7000000000000001,0,-2.63,0,0,0,0.0,0
14.393,-0.7000000000000001,0,-2.63,0,0,0,0.0,0
14.393,-0.7000000000000001,0,-2.63,0,0,0,0.0,0
14.394,-0.7000000000000001,0,-2.63,0,0,0,0.0,0
14.396,-0.7000000000000001,0,-2.63,0,0,0,0.0,0
14.397,-0.7000000000000001,0,-2.63,0,0,0,0.0,0
14.399,-0.7000000000000001,0,-2.63,0,0,0,0.0,0
14.4,-0.7000000000000001,0,-2.63,0,0,0,0.0,0
14.401,-0.7000000000000001,0,-2.63,0,0,0,0.0,0
14.402,-0.7000000000000001,0,-2.63,0,0,0,0.0,0
14.403,-0.7000000000000001,0,-2.63,0,0,0,0.0,0
14.404,-0.7000000000000001,0,-2.63,0,0,0,0.0,0
14.405,-0.7000000000000001,0,-2.63,0,0,0,0.0,0
14.406,-0.7000000000000001,0,-2.63,0,0,0,0.0,0
14.407,-0.7000000000000001,0,-2.63,0,0,0,0.0,0
14.408,-0.7000000000000001,0,-2.63,0,0,0,0.0,0
14.409,-0.7000000000000001,0,-2.63,0,0,0,0.0,0
14.41,-0.7000000000000001,0,-2.63,0,0,0,0.0,0
14.411,-0.7000000000000001,0,-2.63,0,0,0,0.0,0
14.424,-0.7000000000000001,0,-2.63,0,0,0,0.0,0
14.431,-0.7000000000000001,0,-2.63,0,0,0,0.0,0
14.434,-0.7000000000000001,0,-2.63,0,0,0,0.0,0
14.44,-0.7000000000000001,0,-2.63,0,0,0,0.0,0
14.448,-0.7000000000000001,0,-2.63,0,0,0,0.0,0
14.453,-0.7000000000000001,0,-2.63,0,0,0,0.0,0
14.459,-0.7000000000000001,0,-2.63,0,0,0,0.0,0
14.462,-0.7000000000000001,0,-2.63,0,0,0,0.0,0
14.465,-0.7000000000000001,0,-2.63,0,0,0,0.0,0
14.468,-0.7000000000000001,0,-2.63,0,0,0,0.0,0
14.469,-0.7000000000000001,0,-2.63,0,0,0,0.0,0
14.476,-0.7000000000000001,0,-2.63,0,0,0,0.0,0
14.488,-0.7000000000000001,0,-2.63,0,0,0,0.0,0
14.493,-0.7000000000000001,0,-2.63,0,0,0,0.0,0
14.497,-0.7000000000000001,0,-2.63,0,0,0,0.0,0
14.5,-0.7000000000000001,0,-2.63,0,0,0,0.0,0
14.503,-0.7000000000000001,0,-2.63,0,0,0,0.0,0
14.506,-0.7000000000000001,0,-2.63,0,0,0,0.0,0
14.507,-0.7000000000000001,0,-2.63,0,0,0,0.0,0
14.508,-0.7000000000000001,0,-2.63,0,0,0,0.0,0
14.509,-0.7000000000000001,0,-2.63,0,0,0,0.0,0
14.51,-0.7000000000000001,0,-2.63,0,0,0,0.0,0
14.511,-0.7000000000000001,0,-2.63,0,0,0,0.0,0
14.512,-0.7000000000000001,0,-2.63,0,0,0,0.0,0
14.513,-0.7000000000000001,0,-2.63,0,0,0,0.0,0
14.515,-0.7000000000000001,0,-2.63,0,0,0,0.0,0
14.516,-0.7000000000000001,0,-2.63,0,0,0,0.0,0
14.517,-0.7000000000000001,0,-2.63,0,0,0,0.0,0
14.535,-0.7000000000000001,0,-2.63,0,0,0,0.0,0
14.538,-0.7000000000000001,0,-2.63,0,0,0,0.0,0
14.546,-0.7000000000000001,0,-2.63,0,0,0,0.0,0
14.55,-0.7000000000000001,0,-2.63,0,0,0,0.0,0
14.556,-0.7000000000000001,0,-2.63,0,0,0,0.0,0
14.56,-0.7000000000000001,0,-2.63,0,0,0,0.0,0
14.563,-0.7000000000000001,0,-2.63,0,0,0,0.0,0
14.567,-0.7000000000000001,0,-2.63,0,0,0,0.0,0
14.569,-0.7000000000000001,0,-2.63,0,0,0,0.0,0
14.571,-0.7000000000000001,0,-2.63,0,0,0,0.0,0
14.573,-0.7000000000000001,0,-2.63,0,0,0,0.0,0
14.576,-0.7000000000000001,0,-2.63,0,0,0,0.0,0
14.58,-0.7000000000000001,0,-2.63,0,0,0,0.0,0
14.585,-0.7000000000000001,0,-2.63,0,0,0,0.0,0
14.591,-0.7000000000000001,0,-2.63,0,0,0,0.0,0
14.595,-0.7000000000000001,0,-2.63,0,0,0,0.0,0
14.597,-0.7000000000000001,0,-2.63,0,0,0,0.0,0
14.598,-0.7000000000000001,0,-2.63,0,0,0,0.0,0
14.599,-0.7000000000000001,0,-2.63,0,0,0,0.0,0
14.599,-0.7000000000000001,0,-2.63,0,0,0,0.0,0
14.6,-0.7000000000000001,0,-2.63,0,0,0,0.0,0
14.6,-0.7000000000000001,0,-2.63,0,0,0,0.0,0
14.601,-0.7000000000000001,0,-2.63,0,0,0,0.0,0
14.601,-0.7000000000000001,0,-2.63,0,0,0,0.0,0
14.603,-0.7000000000000001,0,-2.63,0,0,0,0.0,0
14.603,-0.7000000000000001,0,-2.63,0,0,0,0.0,0
14.603,-0.7000000000000001,0,-2.63,0,0,0,0.0,0
14.604,-0.7000000000000001,0,-2.63,0,0,0,0.0,0
14.604,-0.7000000000000001,0,-2.63,0,0,0,0.0,0
14.605,-0.7000000000000001,0,-2.63,0,0,0,0.0,0
14.605,-0.7000000000000001,0,-2.63,0,0,0,0.0,0
14.606,-0.7000000000000001,0,-2.63,0,0,0,0.0,0
14.607,-0.7000000000000001,0,-2.63,0,0,0,0.0,0
14.607,-0.7000000000000001,0,-2.63,0,0,0,0.0,0
14.608,-0.7000000000000001,0,-2.63,0,0,0,0.0,0
14.608,-0.7000000000000001,0,-2.63,0,0,0,0.0,0
14.609,-0.7000000000000001,0,-2.63,0,0,0,0.0,0
14.61,-0.7000000000000001,0,-2.63,0,0,0,0.0,0
14.61,-0.7000000000000001,0,-2.63,0,0,0,0.0,0
14.611,-0.7000000000000001,0,-2.63,0,0,0,0.0,0
14.612,-0.7000000000000001,0,-2.63,0,0,0,0.0,0
14.613,-0.7000000000000001,0,-2.63,0,0,0,0.0,0
14.614,-0.7000000000000001,0,-2.63,0,0,0,0.0,0
14.615,-0.7000000000000001,0,-2.63,0,0,0,0.0,0
14.616,-0.7000000000000001,0,-2.63,0,0,0,0.0,0
14.616,-0.7000000000000001,0,-2.63,0,0,0,0.0,0
14.617,-0.7000000000000001,0,-2.63,0,0,0,0.0,0
14.619,-0.7000000000000001,0,-2.63,0,0,0,0.0,0
14.619,-0.7000000000000001,0,-2.63,0,0,0,0.0,0
14.62,-0.7000000000000001,0,-2.63,0,0,0,0.0,0
14.621,-0.7000000000000001,0,-2.63,0,0,0,0.0,0
14.622,-0.7000000000000001,0,-2.63,0,0,0,0.0,0
14.624,-0.7000000000000001,0,-2.63,0,0,0,0.0,0
14.625,-0.7000000000000001,0,-2.63,0,0,0,0.0,0
14.625,-0.7000000000000001,0,-2.63,0,0,0,0.0,0
14.626,-0.7000000000000001,0,-2.63,0,0,0,0.0,0
14.627,-0.7000000000000001,0,-2.63,0,0,0,0.0,0
14.628,-0.7000000000000001,0,-2.63,0,0,0,0.0,0
14.628,-0.7000000000000001,0,-2.63,0,0,0,0.0,0
14.629,-0.7000000000000001,0,-2.63,0,0,0,0.0,0
14.63,-0.7000000000000001,0,-2.63,0,0,0,0.0,0
14.631,-0.7000000000000001,0,-2.63,0,0,0,0.0,0
14.632,-0.7000000000000001,0,-2.63,0,0,0,0.0,0
14.633,-0.7000000000000001,0,-2.63,0,0,0,0.0,0
14.633,-0.7000000000000001,0,-2.63,0,0,0,0.0,0
14.634,-0.7000000000000001,0,-2.63,0,0,0,0.0,0
14.635,-0.7000000000000001,0,-2.63,0,0,0,0.0,0
14.636,-0.7000000000000001,0,-2.63,0,0,0,0.0,0
14.637,-0.7000000000000001,0,-2.63,0,0,0,0.0,0
14.637,-0.7000000000000001,0,-2.63,0,0,0,0.0,0
14.639,-0.7000000000000001,0,-2.63,0,0,0,0.0,0
14.64,-0.7000000000000001,0,-2.63,0,0,0,0.0,0
14.64,-0.7000000000000001,0,-2.63,0,0,0,0.0,0
14.641,-0.7000000000000001,0,-2.63,0,0,0,0.0,0
14.642,-0.7000000000000001,0,-2.63,0,0,0,0.0,0
14.643,-0.7000000000000001,0,-2.63,0,0,0,0.0,0
14.643,-0.7000000000000001,0,-2.63,0,0,0,0.0,0
14.644,-0.7000000000000001,0,-2.63,0,0,0,0.0,0
14.645,-0.7000000000000001,0,-2.63,0,0,0,0.0,0
14.646,-0.7000000000000001,0,-2.63,0,0,0,0.0,0
14.647,-0.7000000000000001,0,-2.63,0,0,0,0.0,0
14.648,-0.7000000000000001,0,-2.63,0,0,0,0.0,0
14.649,-0.7000000000000001,0,-2.63,0,0,0,0.0,0
14.65,-0.7000000000000001,0,-2.63,0,0,0,0.0,0
14.658,-0.7000000000000001,0,-2.63,0,0,0,0.0,0
14.661,-0.7000000000000001,0,-2.63,0,0,0,0.0,0
14.667,-0.7000000000000001,0,-2.63,0,0,0,0.0,0
14.672,-0.7000000000000001,0,-2.63,0,0,0,0.0,0
14.672,-0.7000000000000001,0,-2.63,0,0,0,0.0,0
14.677,-0.7000000000000001,0,-2.63,0,0,0,0.0,0
14.679,-0.7000000000000001,0,-2.63,0,0,0,0.0,0
14.681,-0.7000000000000001,0,-2.63,0,0,0,0.0,0
14.684,-0.7000000000000001,0,-2.63,0,0,0,0.0,0
14.686,-0.7000000000000001,0,-2.63,0,0,0,0.0,0
14.688,-0.7000000000000001,0,-2.63,0,0,0,0.0,0
14.697,-0.7000000000000001,0,-2.63,0,0,0,0.0,0
14.704,-0.7000000000000001,0,-2.63,0,0,0,0.0,0
14.706,-0.7000000000000001,0,-2.63,0,0,0,0.0,0
14.706,-0.7000000000000001,0,-2.63,0,0,0,0.0,0
14.71,-0.7000000000000001,0,-2.63,0,0,0,0.0,0
14.711,-0.7000000000000001,0,-2.63,0,0,0,0.0,0
14.715,-0.7000000000000001,0,-2.63,0,0,0,0.0,0
14.716,-0.7000000000000001,0,-2.63,0,0,0,0.0,0
14.716,-0.7000000000000001,0,-2.63,0,0,0,0.0,0
14.717,-0.7000000000000001,0,-2.63,0,0,0,0.0,0
14.718,-0.7000000000000001,0,-2.63,0,0,0,0.0,0
14.719,-0.7000000000000001,0,-2.63,0,0,0,0.0,0
14.719,-0.7000000000000001,0,-2.63,0,0,0,0.0,0
14.72,-0.7000000000000001,0,-2.63,0,0,0,0.0,0
14.721,-0.7000000000000001,0,-2.63,0,0,0,0.0,0
14.722,-0.7000000000000001,0,-2.63,0,0,0,0.0,0
14.723,-0.7000000000000001,0,-2.63,0,0,0,0.0,0
14.724,-0.7000000000000001,0,-2.63,0,0,0,0.0,0
14.725,-0.7000000000000001,0,-2.63,0,0,0,0.0,0
14.726,-0.7000000000000001,0,-2.63,0,0,0,0.0,0
14.727,-0.7000000000000001,0,-2.63,0,0,0,0.0,0
14.727,-0.7000000000000001,0,-2.63,0,0,0,0.0,0
14.728,-0.7000000000000001,0,-2.63,0,0,0,0.0,0
14.729,-0.7000000000000001,0,-2.63,0,0,0,0.0,0
14.73,-0.7000000000000001,0,-2.63,0,0,0,0.0,0
14.731,-0.7000000000000001,0,-2.63,0,0,0,0.0,0
14.731,-0.7000000000000001,0,-2.63,0,0,0,0.0,0
14.732,-0.7000000000000001,0,-2.63,0,0,0,0.0,0
14.733,-0.7000000000000001,0,-2.63,0,0,0,0.0,0
14.733,-0.7000000000000001,0,-2.63,0,0,0,0.0,0
14.734,-0.7000000000000001,0,-2.63,0,0,0,0.0,0
14.743,-0.7000000000000001,0,-2.63,0,0,0,0.0,0
14.756,-0.7000000000000001,0,-2.63,0,0,0,0.0,0
14.767,-0.7000000000000001,0,-2.63,0,0,0,0.0,0
14.769,-0.7000000000000001,0,-2.63,0,0,0,0.0,0
14.776,-0.7000000000000001,0,-2.63,0,0,0,0.0,0
14.777,-0.7000000000000001,0,-2.63,0,0,0,0.0,0
14.782,-0.7000000000000001,0,-2.63,0,0,0,0.0,0
14.788,-0.7000000000000001,0,-2.63,0,0,0,0.0,0
14.795,-0.7000000000000001,0,-2.63,0,0,0,0.0,0
14.798,-0.7000000000000001,0,-2.63,0,0,0,0.0,0
14.799,-0.7000000000000001,0,-2.63,0,0,0,0.0,0
14.799,-0.7000000000000001,0,-2.63,0,0,0,0.0,0
14.8,-0.7000000000000001,0,-2.63,0,0,0,0.0,0
14.801,-0.7000000000000001,0,-2.63,0,0,0,0.0,0
14.802,-0.7000000000000001,0,-2.63,0,0,0,0.0,0
14.803,-0.7000000000000001,0,-2.63,0,0,0,0.0,0
14.804,-0.7000000000000001,0,-2.63,0,0,0,0.0,0
14.805,-0.7000000000000001,0,-2.63,0,0,0,0.0,0
14.805,-0.7000000000000001,0,-2.63,0,0,0,0.0,0
14.806,-0.7000000000000001,0,-2.63,0,0,0,0.0,0
14.807,-0.7000000000000001,0,-2.63,0,0,0,0.0,0
14.808,-0.7000000000000001,0,-2.63,0,0,0,0.0,0
14.809,-0.7000000000000001,0,-2.63,0,0,0,0.0,0
14.809,-0.7000000000000001,0,-2.63,0,0,0,0.0,0
14.809,-0.7000000000000001,0,-2.63,0,0,0,0.0,0
14.81,-0.7000000000000001,0,-2.63,0,0,0,0.0,0
14.811,-0.7000000000000001,0,-2.63,0,0,0,0.0,0
14.811,-0.7000000000000001,0,-2.63,0,0,0,0.0,0
14.812,-0.7000000000000001,0,-2.63,0,0,0,0.0,0
14.813,-0.7000000000000001,0,-2.63,0,0,0,0.0,0
14.814,-0.7000000000000001,0,-2.63,0,0,0,0.0,0
14.814,-0.7000000000000001,0,-2.63,0,0,0,0.0,0
14.815,-0.7000000000000001,0,-2.63,0,0,0,0.0,0
14.816,-0.7000000000000001,0,-2.63,0,0,0,0.0,0
14.816,-0.7000000000000001,0,-2.63,0,0,0,0.0,0
14.829,-0.7000000000000001,0,-2.63,0,0,0,0.0,0
14.83,-0.7000000000000001,0,-2.63,0,0,0,0.0,0
14.832,-0.7000000000000001,0,-2.63,0,0,0,0.0,0
14.833,-0.7000000000000001,0,-2.63,0,0,0,0.0,0
14.834,-0.7000000000000001,0,-2.63,0,0,0,0.0,0
14.835,-0.7000000000000001,0,-2.63,0,0,0,0.0,0
14.836,-0.7000000000000001,0,-2.63,0,0,0,0.0,0
14.838,-0.7000000000000001,0,-2.63,0,0,0,0.0,0
14.838,-0.7000000000000001,0,-2.63,0,0,0,0.0,0
14.84,-0.7000000000000001,0,-2.63,0,0,0,0.0,0
14.842,-0.7000000000000001,0,-2.63,0,0,0,0.0,0
14.843,-0.7000000000000001,0,-2.63,0,0,0,0.0,0
14.858,-0.7000000000000001,0,-2.63,0,0,0,0.0,0
14.864,-0.7000000000000001,0,-2.63,0,0,0,0.0,0
14.869,-0.7000000000000001,0,-2.63,0,0,0,0.0,0
14.872,-0.7000000000000001,0,-2.63,0,0,0,0.0,0
14.878,-0.7000000000000001,0,-2.63,0,0,0,0.0,0
14.882,-0.7000000000000001,0,-2.63,0,0,0,0.0,0
14.886,-0.7000000000000001,0,-2.63,0,0,0,0.0,0
14.893,-0.7000000000000001,0,-2.63,0,0,0,0.0,0
14.899,-0.7000000000000001,0,-2.63,0,0,0,0.0,0
14.904,-0.7000000000000001,0,-2.63,0,0,0,0.0,0
14.905,-0.7000000000000001,0,-2.63,0,0,0,0.0,0
14.906,-0.7000000000000001,0,-2.63,0,0,0,0.0,0
14.906,-0.7000000000000001,0,-2.63,0,0,0,0.0,0
14.907,-0.7000000000000001,0,-2.63,0,0,0,0.0,0
14.907,-0.7000000000000001,0,-2.63,0,0,0,0.0,0
14.907,-0.7000000000000001,0,-2.63,0,0,0,0.0,0
14.909,-0.7000000000000001,0,-2.63,0,0,0,0.0,0
14.91,-0.7000000000000001,0,-2.63,0,0,0,0.0,0
14.91,-0.7000000000000001,0,-2.63,0,0,0,0.0,0
14.91,-0.7000000000000001,0,-2.63,0,0,0,0.0,0
14.911,-0.7000000000000001,0,-2.63,0,0,0,0.0,0
14.912,-0.7000000000000001,0,-2.63,0,0,0,0.0,0
14.912,-0.7000000000000001,0,-2.63,0,0,0,0.0,0
14.914,-0.7000000000000001,0,-2.63,0,0,0,0.0,0
14.914,-0.7000000000000001,0,-2.63,0,0,0,0.0,0
14.915,-0.7000000000000001,0,-2.63,0,0,0,0.0,0
14.915,-0.7000000000000001,0,-2.63,0,0,0,0.0,0
14.917,-0.7000000000000001,0,-2.63,0,0,0,0.0,0
14.918,-0.7000000000000001,0,-2.63,0,0,0,0.0,0
14.918,-0.7000000000000001,0,-2.63,0,0,0,0.0,0
14.919,-0.7000000000000001,0,-2.63,0,0,0,0.0,0
14.92,-0.7000000000000001,0,-2.63,0,0,0,0.0,0
14.92,-0.7000000000000001,0,-2.63,0,0,0,0.0,0
14.92,-0.7000000000000001,0,-2.63,0,0,0,0.0,0
14.921,-0.7000000000000001,0,-2.63,0,0,0,0.0,0
14.922,-0.7000000000000001,0,-2.63,0,0,0,0.0,0
14.922,-0.7000000000000001,0,-2.63,0,0,0,0.0,0
14.923,-0.7000000000000001,0,-2.63,0,0,0,0.0,0
14.924,-0.7000000000000001,0,-2.63,0,0,0,0.0,0
14.924,-0.7000000000000001,0,-2.63,0,0,0,0.0,0
14.925,-0.7000000000000001,0,-2.63,0,0,0,0.0,0
14.925,-0.7000000000000001,0,-2.63,0,0,0,0.0,0
14.926,-0.7000000000000001,0,-2.63,0,0,0,0.0,0
14.927,-0.7000000000000001,0,-2.63,0,0,0,0.0,0
14.927,-0.7000000000000001,0,-2.63,0,0,0,0.0,0
14.929,-0.7000000000000001,0,-2.63,0,0,0,0.0,0
14.93,-0.7000000000000001,0,-2.63,0,0,0,0.0,0
14.93,-0.7000000000000001,0,-2.63,0,0,0,0.0,0
14.931,-0.7000000000000001,0,-2.63,0,0,0,0.0,0
14.931,-0.7000000000000001,0,-2.63,0,0,0,0.0,0
14.932,-0.7000000000000001,0,-2.63,0,0,0,0.0,0
14.933,-0.7000000000000001,0,-2.63,0,0,0,0.0,0
14.933,-0.7000000000000001,0,-2.63,0,0,0,0.0,0
14.934,-0.7000000000000001,0,-2.63,0,0,0,0.0,0
14.934,-0.7000000000000001,0,-2.63,0,0,0,0.0,0
14.935,-0.7000000000000001,0,-2.63,0,0,0,0.0,0
14.936,-0.7000000000000001,0,-2.63,0,0,0,0.0,0
14.936,-0.7000000000000001,0,-2.63,0,0,0,0.0,0
14.937,-0.7000000000000001,0,-2.63,0,0,0,0.0,0
14.937,-0.7000000000000001,0,-2.63,0,0,0,0.0,0
14.938,-0.7000000000000001,0,-2.63,0,0,0,0.0,0
14.938,-0.7000000000000001,0,-2.63,0,0,0,0.0,0
14.939,-0.7000000000000001,0,-2.63,0,0,0,0.0,0
14.939,-0.7000000000000001,0,-2.63,0,0,0,0.0,0
14.94,-0.7000000000000001,0,-2.63,0,0,0,0.0,0
14.94,-0.7000000000000001,0,-2.63,0,0,0,0.0,0
14.941,-0.7000000000000001,0,-2.63,0,0,0,0.0,0
14.942,-0.7000000000000001,0,-2.63,0,0,0,0.0,0
14.942,-0.7000000000000001,0,-2.63,0,0,0,0.0,0
14.943,-0.7000000000000001,0,-2.63,0,0,0,0.0,0
14.943,-0.7000000000000001,0,-2.63,0,0,0,0.0,0
14.945,-0.7000000000000001,0,-2.63,0,0,0,0.0,0
14.946,-0.7000000000000001,0,-2.63,0,0,0,0.0,0
14.946,-0.7000000000000001,0,-2.63,0,0,0,0.0,0
14.947,-0.7000000000000001,0,-2.63,0,0,0,0.0,0
14.948,-0.7000000000000001,0,-2.63,0,0,0,0.0,0
14.948,-0.7000000000000001,0,-2.63,0,0,0,0.0,0
14.949,-0.7000000000000001,0,-2.63,0,0,0,0.0,0
14.949,-0.7000000000000001,0,-2.63,0,0,0,0.0,0
14.95,-0.7000000000000001,0,-2.63,0,0,0,0.0,0
14.951,-0.7000000000000001,0,-2.63,0,0,0,0.0,0
14.951,-0.7000000000000001,0,-2.63,0,0,0,0.0,0
14.952,-0.7000000000000001,0,-2.63,0,0,0,0.0,0
14.96,-0.7000000000000001,0,-2.63,0,0,0,0.0,0
14.968,-0.7000000000000001,0,-2.63,0,0,0,0.0,0
14.97,-0.7000000000000001,0,-2.63,0,0,0,0.0,0
14.972,-0.7000000000000001,0,-2.63,0,0,0,0.0,0
14.973,-0.7000000000000001,0,-2.63,0,0,0,0.0,0
14.975,-0.7000000000000001,0,-2.63,0,0,0,0.0,0
14.976,-0.7000000000000001,0,-2.63,0,0,0,0.0,0
14.977,-0.7000000000000001,0,-2.63,0,0,0,0.0,0
14.979,-0.7000000000000001,0,-2.63,0,0,0,0.0,0
14.981,-0.7000000000000001,0,-2.63,0,0,0,0.0,0
14.983,-0.7000000000000001,0,-2.63,0,0,0,0.0,0
14.985,-0.7000000000000001,0,-2.63,0,0,0,0.0,0
14.988,-0.7000000000000001,0,-2.63,0,0,0,0.0,0
14.992,-0.7000000000000001,0,-2.63,0,0,0,0.0,0
14.995,-0.7000000000000001,0,-2.63,0,0,0,0.0,0
14.999,-0.7000000000000001,0,-2.63,0,0,0,0.0,0
15.001,-0.7000000000000001,0,-2.63,0,0,0,0.0,0
15.002,-0.7000000000000001,0,-2.63,0,0,0,0.0,0
15.003,-0.7000000000000001,0,-2.63,0,0,0,0.0,0
15.004,-0.7000000000000001,0,-2.63,0,0,0,0.0,0
15.004,-0.7000000000000001,0,-2.63,0,0,0,0.0,0
15.004,-0.7000000000000001,0,-2.63,0,0,0,0.0,0
15.005,-0.7000000000000001,0,-2.63,0,0,0,0.0,0
15.005,-0.7000000000000001,0,-2.63,0,0,0,0.0,0
15.007,-0.7000000000000001,0,-2.63,0,0,0,0.0,0
15.007,-0.7000000000000001,0,-2.63,0,0,0,0.0,0
15.008,-0.7000000000000001,0,-2.63,0,0,0,0.0,0
15.008,-0.7000000000000001,0,-2.63,0,0,0,0.0,0
15.009,-0.7000000000000001,0,-2.63,0,0,0,0.0,0
15.01,-0.7000000000000001,0,-2.63,0,0,0,0.0,0
15.01,-0.7000000000000001,0,-2.63,0,0,0,0.0,0
15.01,-0.7000000000000001,0,-2.63,0,0,0,0.0,0
15.011,-0.7000000000000001,0,-2.63,0,0,0,0.0,0
15.013,-0.7000000000000001,0,-2.63,0,0,0,0.0,0
15.013,-0.7000000000000001,0,-2.63,0,0,0,0.0,0
15.014,-0.7000000000000001,0,-2.63,0,0,0,0.0,0
15.014,-0.7000000000000001,0,-2.63,0,0,0,0.0,0
15.014,-0.7000000000000001,0,-2.63,0,0,0,0.0,0
15.016,-0.7000000000000001,0,-2.63,0,0,0,0.0,0
15.016,-0.7000000000000001,0,-2.63,0,0,0,0.0,0
15.017,-0.7000000000000001,0,-2.63,0,0,0,0.0,0
15.017,-0.7000000000000001,0,-2.63,0,0,0,0.0,0
15.018,-0.7000000000000001,0,-2.63,0,0,0,0.0,0
15.019,-0.7000000000000001,0,-2.63,0,0,0,0.0,0
15.019,-0.7000000000000001,0,-2.63,0,0,0,0.0,0
15.019,-0.7000000000000001,0,-2.63,0,0,0,0.0,0
15.021,-0.7000000000000001,0,-2.63,0,0,0,0.0,0
15.022,-0.7000000000000001,0,-2.63,0,0,0,0.0,0
15.022,-0.7000000000000001,0,-2.63,0,0,0,0.0,0
15.022,-0.7000000000000001,0,-2.63,0,0,0,0.0,0
15.023,-0.7000000000000001,0,-2.63,0,0,0,0.0,0
15.023,-0.7000000000000001,0,-2.63,0,0,0,0.0,0
15.024,-0.7000000000000001,0,-2.63,0,0,0,0.0,0
15.024,-0.7000000000000001,0,-2.63,0,0,0,0.0,0
15.025,-0.7000000000000001,0,-2.63,0,0,0,0.0,0
15.026,-0.7000000000000001,0,-2.63,0,0,0,0.0,0
15.026,-0.7000000000000001,0,-2.63,0,0,0,0.0,0
15.026,-0.7000000000000001,0,-2.63,0,0,0,0.0,0
15.027,-0.7000000000000001,0,-2.63,0,0,0,0.0,0
15.028,-0.7000000000000001,0,-2.63,0,0,0,0.0,0
15.029,-0.7000000000000001,0,-2.63,0,0,0,0.0,0
15.03,-0.7000000000000001,0,-2.63,0,0,0,0.0,0
15.03,-0.7000000000000001,0,-2.63,0,0,0,0.0,0
15.031,-0.7000000000000001,0,-2.63,0,0,0,0.0,0
15.032,-0.7000000000000001,0,-2.63,0,0,0,0.0,0
15.032,-0.7000000000000001,0,-2.63,0,0,0,0.0,0
15.033,-0.7000000000000001,0,-2.63,0,0,0,0.0,0
15.034,-0.7000000000000001,0,-2.63,0,0,0,0.0,0
15.034,-0.7000000000000001,0,-2.63,0,0,0,0.0,0
15.035,-0.7000000000000001,0,-2.63,0,0,0,0.0,0
15.035,-0.7000000000000001,0,-2.63,0,0,0,0.0,0
15.036,-0.7000000000000001,0,-2.63,0,0,0,0.0,0
15.038,-0.7000000000000001,0,-2.63,0,0,0,0.0,0
15.039,-0.7000000000000001,0,-2.63,0,0,0,0.0,0
15.04,-0.7000000000000001,0,-2.63,0,0,0,0.0,0
15.04,-0.7000000000000001,0,-2.63,0,0,0,0.0,0
15.041,-0.7000000000000001,0,-2.63,0,0,0,0.0,0
15.042,-0.7000000000000001,0,-2.63,0,0,0,0.0,0
15.044,-0.7000000000000001,0,-2.63,0,0,0,0.0,0
15.044,-0.7000000000000001,0,-2.63,0,0,0,0.0,0
15.045,-0.7000000000000001,0,-2.63,0,0,0,0.0,0
15.098,-0.7000000000000001,0,-2.63,0,0,0,0.0,0
15.102,-0.7000000000000001,0,-2.63,0,0,0,0.0,0
15.106,-0.7000000000000001,0,-2.63,0,0,0,0.0,0
15.109,-0.7000000000000001,0,-2.63,0,0,0,0.0,0
15.11,-0.7000000000000001,0,-2.63,0,0,0,0.0,0
15.111,-0.7000000000000001,0,-2.63,0,0,0,0.0,0
15.112,-0.7000000000000001,0,-2.63,0,0,0,0.0,0
15.112,-0.7000000000000001,0,-2.63,0,0,0,0.0,0
15.113,-0.7000000000000001,0,-2.63,0,0,0,0.0,0
15.113,-0.7000000000000001,0,-2.63,0,0,0,0.0,0
15.114,-0.7000000000000001,0,-2.63,0,0,0,0.0,0
15.114,-0.7000000000000001,0,-2.63,0,0,0,0.0,0
15.115,-0.7000000000000001,0,-2.63,0,0,0,0.0,0
15.115,-0.7000000000000001,0,-2.63,0,0,0,0.0,0
15.116,-0.7000000000000001,0,-2.63,0,0,0,0.0,0
15.116,-0.7000000000000001,0,-2.63,0,0,0,0.0,0
15.117,-0.7000000000000001,0,-2.63,0,0,0,0.0,0
15.117,-0.7000000000000001,0,-2.63,0,0,0,0.0,0
15.118,-0.7000000000000001,0,-2.63,0,0,0,0.0,0
15.118,-0.7000000000000001,0,-2.63,0,0,0,0.0,0
15.119,-0.7000000000000001,0,-2.63,0,0,0,0.0,0
15.12,-0.7000000000000001,0,-2.63,0,0,0,0.0,0
15.12,-0.7000000000000001,0,-2.63,0,0,0,0.0,0
15.121,-0.7000000000000001,0,-2.63,0,0,0,0.0,0
15.122,-0.7000000000000001,0,-2.63,0,0,0,0.0,0
15.123,-0.7000000000000001,0,-2.63,0,0,0,0.0,0
15.124,-0.7000000000000001,0,-2.63,0,0,0,0.0,0
15.126,-0.7000000000000001,0,-2.63,0,0,0,0.0,0
15.127,-0.7000000000000001,0,-2.63,0,0,0,0.0,0
15.128,-0.7000000000000001,0,-2.63,0,0,0,0.0,0
15.129,-0.7000000000000001,0,-2.63,0,0,0,0.0,0
15.13,-0.7000000000000001,0,-2.63,0,0,0,0.0,0
15.131,-0.7000000000000001,0,-2.63,0,0,0,0.0,0
15.132,-0.7000000000000001,0,-2.63,0,0,0,0.0,0
15.133,-0.7000000000000001,0,-2.63,0,0,0,0.0,0
15.134,-0.7000000000000001,0,-2.63,0,0,0,0.0,0
15.135,-0.7000000000000001,0,-2.63,0,0,0,0.0,0
15.137,-0.7000000000000001,0,-2.63,0,0,0,0.0,0
15.138,-0.7000000000000001,0,-2.63,0,0,0,0.0,0
15.138,-0.7000000000000001,0,-2.63,0,0,0,0.0,0
15.139,-0.7000000000000001,0,-2.63,0,0,0,0.0,0
15.14,-0.7000000000000001,0,-2.63,0,0,0,0.0,0
15.141,-0.7000000000000001,0,-2.63,0,0,0,0.0,0
15.142,-0.7000000000000001,0,-2.63,0,0,0,0.0,0
15.142,-0.7000000000000001,0,-2.63,0,0,0,0.0,0
15.144,-0.7000000000000001,0,-2.63,0,0,0,0.0,0
15.145,-0.7000000000000001,0,-2.63,0,0,0,0.0,0
15.145,-0.7000000000000001,0,-2.63,0,0,0,0.0,0
15.146,-0.7000000000000001,0,-2.63,0,0,0,0.0,0
15.147,-0.7000000000000001,0,-2.63,0,0,0,0.0,0
15.148,-0.7000000000000001,0,-2.63,0,0,0,0.0,0
15.148,-0.7000000000000001,0,-2.63,0,0,0,0.0,0
15.149,-0.7000000000000001,0,-2.63,0,0,0,0.0,0
15.15,-0.7000000000000001,0,-2.63,0,0,0,0.0,0
15.15,-0.7000000000000001,0,-2.63,0,0,0,0.0,0
15.151,-0.7000000000000001,0,-2.63,0,0,0,0.0,0
15.152,-0.7000000000000001,0,-2.63,0,0,0,0.0,0
15.152,-0.7000000000000001,0,-2.63,0,0,0,0.0,0
15.153,-0.7000000000000001,0,-2.63,0,0,0,0.0,0
15.154,-0.7000000000000001,0,-2.63,0,0,0,0.0,0
15.155,-0.7000000000000001,0,-2.63,0,0,0,0.0,0
15.155,-0.7000000000000001,0,-2.63,0,0,0,0.0,0
15.157,-0.7000000000000001,0,-2.63,0,0,0,0.0,0
15.158,-0.7000000000000001,0,-2.63,0,0,0,0.0,0
15.159,-0.7000000000000001,0,-2.63,0,0,0,0.0,0
15.16,-0.7000000000000001,0,-2.63,0,0,0,0.0,0
15.161,-0.7000000000000001,0,-2.63,0,0,0,0.0,0
15.161,-0.7000000000000001,0,-2.63,0,0,0,0.0,0
15.163,-0.7000000000000001,0,-2.63,0,0,0,0.0,0
15.164,-0.7000000000000001,0,-2.63,0,0,0,0.0,0
15.165,-0.7000000000000001,0,-2.63,0,0,0,0.0,0
15.166,-0.7000000000000001,0,-2.63,0,0,0,0.0,0
15.167,-0.7000000000000001,0,-2.63,0,0,0,0.0,0
15.168,-0.7000000000000001,0,-2.63,0,0,0,0.0,0
15.169,-0.7000000000000001,0,-2.63,0,0,0,0.0,0
15.17,-0.7000000000000001,0,-2.63,0,0,0,0.0,0
15.182,-0.7000000000000001,0,-2.63,0,0,0,0.0,0
15.193,-0.7000000000000001,0,-2.63,0,0,0,0.0,0
15.198,-0.7000000000000001,0,-2.63,0,0,0,0.0,0
15.204,-0.7000000000000001,0,-2.63,0,0,0,0.0,0
15.214,-0.7000000000000001,0,-2.63,0,0,0,0.0,0
15.227,-0.7000000000000001,0,-2.63,0,0,0,0.0,0
15.235,-0.7000000000000001,0,-2.63,0,0,0,0.0,0
15.243,-0.7000000000000001,0,-2.63,0,0,0,0.0,0
15.248,-0.7000000000000001,0,-2.63,0,0,0,0.0,0
15.249,-0.7000000000000001,0,-2.63,0,0,0,0.0,0
15.25,-0.7000000000000001,0,-2.63,0,0,0,0.0,0
15.252,-0.7000000000000001,0,-2.63,0,0,0,0.0,0
15.253,-0.7000000000000001,0,-2.63,0,0,0,0.0,0
15.254,-0.7000000000000001,0,-2.63,0,0,0,0.0,0
15.255,-0.7000000000000001,0,-2.63,0,0,0,0.0,0
15.256,-0.7000000000000001,0,-2.63,0,0,0,0.0,0
15.258,-0.7000000000000001,0,-2.63,0,0,0,0.0,0
15.259,-0.7000000000000001,0,-2.63,0,0,0,0.0,0
15.26,-0.7000000000000001,0,-2.63,0,0,0,0.0,0
15.262,-0.7000000000000001,0,-2.63,0,0,0,0.0,0
15.263,-0.7000000000000001,0,-2.63,0,0,0,0.0,0
15.265,-0.7000000000000001,0,-2.63,0,0,0,0.0,0
15.266,-0.7000000000000001,0,-2.63,0,0,0,0.0,0
15.267,-0.7000000000000001,0,-2.63,0,0,0,0.0,0
15.268,-0.7000000000000001,0,-2.63,0,0,0,0.0,0
15.27,-0.7000000000000001,0,-2.63,0,0,0,0.0,0
15.271,-0.7000000000000001,0,-2.63,0,0,0,0.0,0
15.272,-0.7000000000000001,0,-2.63,0,0,0,0.0,0
15.274,-0.7000000000000001,0,-2.63,0,0,0,0.0,0
15.275,-0.7000000000000001,0,-2.63,0,0,0,0.0,0
15.277,-0.7000000000000001,0,-2.63,0,0,0,0.0,0
15.278,-0.7000000000000001,0,-2.63,0,0,0,0.0,0
15.291,-0.7000000000000001,0,-2.63,0,0,0,0.0,0
15.309,-0.7000000000000001,0,-2.63,0,0,0,0.0,0
15.324,-0.7000000000000001,0,-2.63,0,0,0,0.0,0
15.33,-0.7000000000000001,0,-2.63,0,0,0,0.0,0
15.34,-0.7000000000000001,0,-2.63,0,0,0,0.0,0
15.345,-0.7000000000000001,0,-2.63,0,0,0,0.0,0
15.35,-0.7000000000000001,0,-2.63,0,0,0,0.0,0
15.351,-0.7000000000000001,0,-2.63,0,0,0,0.0,0
15.352,-0.7000000000000001,0,-2.63,0,0,0,0.0,0
15.354,-0.7000000000000001,0,-2.63,0,0,0,0.0,0
15.355,-0.7000000000000001,0,-2.63,0,0,0,0.0,0
15.356,-0.7000000000000001,0,-2.63,0,0,0,0.0,0
15.358,-0.7000000000000001,0,-2.63,0,0,0,0.0,0
15.358,-0.7000000000000001,0,-2.63,0,0,0,0.0,0
15.36,-0.7000000000000001,0,-2.63,0,0,0,0.0,0
15.361,-0.7000000000000001,0,-2.63,0,0,0,0.0,0
15.362,-0.7000000000000001,0,-2.63,0,0,0,0.0,0
15.363,-0.7000000000000001,0,-2.63,0,0,0,0.0,0
15.364,-0.7000000000000001,0,-2.63,0,0,0,0.0,0
15.366,-0.7000000000000001,0,-2.63,0,0,0,0.0,0
15.367,-0.7000000000000001,0,-2.63,0,0,0,0.0,0
15.368,-0.7000000000000001,0,-2.63,0,0,0,0.0,0
15.37,-0.7000000000000001,0,-2.63,0,0,0,0.0,0
15.371,-0.7000000000000001,0,-2.63,0,0,0,0.0,0
15.373,-0.7000000000000001,0,-2.63,0,0,0,0.0,0
15.374,-0.7000000000000001,0,-2.63,0,0,0,0.0,0
15.375,-0.7000000000000001,0,-2.63,0,0,0,0.0,0
15.376,-0.7000000000000001,0,-2.63,0,0,0,0.0,0
15.378,-0.7000000000000001,0,-2.63,0,0,0,0.0,0
15.379,-0.7000000000000001,0,-2.63,0,0,0,0.0,0
15.38,-0.7000000000000001,0,-2.63,0,0,0,0.0,0
15.382,-0.7000000000000001,0,-2.63,0,0,0,0.0,0
15.383,-0.7000000000000001,0,-2.63,0,0,0,0.0,0
15.384,-0.7000000000000001,0,-2.63,0,0,0,0.0,0
15.385,-0.7000000000000001,0,-2.63,0,0,0,0.0,0
15.386,-0.7000000000000001,0,-2.63,0,0,0,0.0,0
15.398,-0.7000000000000001,0,-2.63,0,0,0,0.0,0
15.405,-0.7000000000000001,0,-2.63,0,0,0,0.0,0
15.414,-0.7000000000000001,0,-2.63,0,0,0,0.0,0
15.43,-0.7000000000000001,0,-2.63,0,0,0,0.0,0
15.44,-0.7000000000000001,0,-2.63,0,0,0,0.0,0
15.448,-0.7000000000000001,0,-2.63,0,0,0,0.0,0
15.456,-0.7000000000000001,0,-2.63,0,0,0,0.0,0
15.461,-0.7000000000000001,0,-2.63,0,0,0,0.0,0
15.465,-0.7000000000000001,0,-2.63,0,0,0,0.0,0
15.466,-0.7000000000000001,0,-2.63,0,0,0,0.0,0
15.467,-0.7000000000000001,0,-2.63,0,0,0,0.0,0
15.467,-0.7000000000000001,0,-2.63,0,0,0,0.0,0
15.468,-0.7000000000000001,0,-2.63,0,0,0,0.0,0
15.469,-0.7000000000000001,0,-2.63,0,0,0,0.0,0
15.469,-0.7000000000000001,0,-2.63,0,0,0,0.0,0
15.47,-0.7000000000000001,0,-2.63,0,0,0,0.0,0
15.471,-0.7000000000000001,0,-2.63,0,0,0,0.0,0
15.472,-0.7000000000000001,0,-2.63,0,0,0,0.0,0
15.472,-0.7000000000000001,0,-2.63,0,0,0,0.0,0
15.473,-0.7000000000000001,0,-2.63,0,0,0,0.0,0
15.473,-0.7000000000000001,0,-2.63,0,0,0,0.0,0
15.475,-0.7000000000000001,0,-2.63,0,0,0,0.0,0
15.476,-0.7000000000000001,0,-2.63,0,0,0,0.0,0
15.476,-0.7000000000000001,0,-2.63,0,0,0,0.0,0
15.477,-0.7000000000000001,0,-2.63,0,0,0,0.0,0
15.478,-0.7000000000000001,0,-2.63,0,0,0,0.0,0
15.479,-0.7000000000000001,0,-2.63,0,0,0,0.0,0
15.48,-0.7000000000000001,0,-2.63,0,0,0,0.0,0
15.48,-0.7000000000000001,0,-2.63,0,0,0,0.0,0
15.482,-0.7000000000000001,0,-2.63,0,0,0,0.0,0
15.483,-0.7000000000000001,0,-2.63,0,0,0,0.0,0
15.484,-0.7000000000000001,0,-2.63,0,0,0,0.0,0
15.484,-0.7000000000000001,0,-2.63,0,0,0,0.0,0
15.485,-0.7000000000000001,0,-2.63,0,0,0,0.0,0
15.486,-0.7000000000000001,0,-2.63,0,0,0,0.0,0
15.487,-0.7000000000000001,0,-2.63,0,0,0,0.0,0
15.487,-0.7000000000000001,0,-2.63,0,0,0,0.0,0
15.488,-0.7000000000000001,0,-2.63,0,0,0,0.0,0
15.488,-0.7000000000000001,0,-2.63,0,0,0,0.0,0
15.489,-0.7000000000000001,0,-2.63,0,0,0,0.0,0
15.49,-0.7000000000000001,0,-2.63,0,0,0,0.0,0
15.49,-0.7000000000000001,0,-2.63,0,0,0,0.0,0
15.491,-0.7000000000000001,0,-2.63,0,0,0,0.0,0
15.492,-0.7000000000000001,0,-2.63,0,0,0,0.0,0
15.492,-0.7000000000000001,0,-2.63,0,0,0,0.0,0
15.493,-0.7000000000000001,0,-2.63,0,0,0,0.0,0
15.494,-0.7000000000000001,0,-2.63,0,0,0,0.0,0
15.495,-0.7000000000000001,0,-2.63,0,0,0,0.0,0
15.495,-0.7000000000000001,0,-2.63,0,0,0,0.0,0
15.497,-0.7000000000000001,0,-2.63,0,0,0,0.0,0
15.497,-0.7000000000000001,0,-2.63,0,0,0,0.0,0
15.498,-0.7000000000000001,0,-2.63,0,0,0,0.0,0
15.498,-0.7000000000000001,0,-2.63,0,0,0,0.0,0
15.499,-0.7000000000000001,0,-2.63,0,0,0,0.0,0
15.501,-0.7000000000000001,0,-2.63,0,0,0,0.0,0
15.501,-0.7000000000000001,0,-2.63,0,0,0,0.0,0
15.502,-0.7000000000000001,0,-2.63,0,0,0,0.0,0
15.504,-0.7000000000000001,0,-2.63,0,0,0,0.0,0
15.504,-0.7000000000000001,0,-2.63,0,0,0,0.0,0
15.505,-0.7000000000000001,0,-2.63,0,0,0,0.0,0
15.506,-0.7000000000000001,0,-2.63,0,0,0,0.0,0
15.506,-0.7000000000000001,0,-2.63,0,0,0,0.0,0
15.507,-0.7000000000000001,0,-2.63,0,0,0,0.0,0
15.508,-0.7000000000000001,0,-2.63,0,0,0,0.0,0
15.508,-0.7000000000000001,0,-2.63,0,0,0,0.0,0
15.509,-0.7000000000000001,0,-2.63,0,0,0,0.0,0
15.517,-0.7000000000000001,0,-2.63,0,0,0,0.0,0
15.523,-0.7000000000000001,0,-2.63,0,0,0,0.0,0
15.527,-0.7000000000000001,0,-2.63,0,0,0,0.0,0
15.533,-0.7000000000000001,0,-2.63,0,0,0,0.0,0
15.537,-0.7000000000000001,0,-2.63,0,0,0,0.0,0
15.542,-0.7000000000000001,0,-2.63,0,0,0,0.0,0
15.547,-0.7000000000000001,0,-2.63,0,0,0,0.0,0
15.55,-0.7000000000000001,0,-2.63,0,0,0,0.0,0
15.553,-0.7000000000000001,0,-2.63,0,0,0,0.0,0
15.553,-0.7000000000000001,0,-2.63,0,0,0,0.0,0
15.553,-0.7000000000000001,0,-2.63,0,0,0,0.0,0
15.554,-0.7000000000000001,0,-2.63,0,0,0,0.0,0
15.554,-0.7000000000000001,0,-2.63,0,0,0,0.0,0
15.555,-0.7000000000000001,0,-2.63,0,0,0,0.0,0
15.556,-0.7000000000000001,0,-2.63,0,0,0,0.0,0
15.556,-0.7000000000000001,0,-2.63,0,0,0,0.0,0
15.557,-0.7000000000000001,0,-2.63,0,0,0,0.0,0
15.557,-0.7000000000000001,0,-2.63,0,0,0,0.0,0
15.559,-0.7000000000000001,0,-2.63,0,0,0,0.0,0
15.56,-0.7000000000000001,0,-2.63,0,0,0,0.0,0
15.56,-0.7000000000000001,0,-2.63,0,0,0,0.0,0
15.561,-0.7000000000000001,0,-2.63,0,0,0,0.0,0
15.561,-0.7000000000000001,0,-2.63,0,0,0,0.0,0
15.562,-0.7000000000000001,0,-2.63,0,0,0,0.0,0
15.562,-0.7000000000000001,0,-2.63,0,0,0,0.0,0
15.563,-0.7000000000000001,0,-2.63,0,0,0,0.0,0
15.564,-0.7000000000000001,0,-2.63,0,0,0,0.0,0
15.564,-0.7000000000000001,0,-2.63,0,0,0,0.0,0
15.565,-0.7000000000000001,0,-2.63,0,0,0,0.0,0
15.566,-0.7000000000000001,0,-2.63,0,0,0,0.0,0
15.566,-0.7000000000000001,0,-2.63,0,0,0,0.0,0
15.568,-0.7000000000000001,0,-2.63,0,0,0,0.0,0
15.568,-0.7000000000000001,0,-2.63,0,0,0,0.0,0
15.569,-0.7000000000000001,0,-2.63,0,0,0,0.0,0
15.57,-0.7000000000000001,0,-2.63,0,0,0,0.0,0
15.57,-0.7000000000000001,0,-2.63,0,0,0,0.0,0
15.571,-0.7000000000000001,0,-2.63,0,0,0,0.0,0
15.572,-0.7000000000000001,0,-2.63,0,0,0,0.0,0
15.573,-0.7000000000000001,0,-2.63,0,0,0,0.0,0
15.573,-0.7000000000000001,0,-2.63,0,0,0,0.0,0
15.574,-0.7000000000000001,0,-2.63,0,0,0,0.0,0
15.574,-0.7000000000000001,0,-2.63,0,0,0,0.0,0
15.575,-0.7000000000000001,0,-2.63,0,0,0,0.0,0
15.575,-0.7000000000000001,0,-2.63,0,0,0,0.0,0
15.576,-0.7000000000000001,0,-2.63,0,0,0,0.0,0
15.576,-0.7000000000000001,0,-2.63,0,0,0,0.0,0
15.577,-0.7000000000000001,0,-2.63,0,0,0,0.0,0
15.577,-0.7000000000000001,0,-2.63,0,0,0,0.0,0
15.579,-0.7000000000000001,0,-2.63,0,0,0,0.0,0
15.579,-0.7000000000000001,0,-2.63,0,0,0,0.0,0
15.58,-0.7000000000000001,0,-2.63,0,0,0,0.0,0
15.581,-0.7000000000000001,0,-2.63,0,0,0,0.0,0
15.582,-0.7000000000000001,0,-2.63,0,0,0,0.0,0
15.582,-0.7000000000000001,0,-2.63,0,0,0,0.0,0
15.583,-0.7000000000000001,0,-2.63,0,0,0,0.0,0
15.584,-0.7000000000000001,0,-2.63,0,0,0,0.0,0
15.585,-0.7000000000000001,0,-2.63,0,0,0,0.0,0
15.585,-0.7000000000000001,0,-2.63,0,0,0,0.0,0
15.586,-0.7000000000000001,0,-2.63,0,0,0,0.0,0
15.587,-0.7000000000000001,0,-2.63,0,0,0,0.0,0
15.587,-0.7000000000000001,0,-2.63,0,0,0,0.0,0
15.588,-0.7000000000000001,0,-2.63,0,0,0,0.0,0
15.589,-0.7000000000000001,0,-2.63,0,0,0,0.0,0
15.589,-0.7000000000000001,0,-2.63,0,0,0,0.0,0
15.59,-0.7000000000000001,0,-2.63,0,0,0,0.0,0
15.591,-0.7000000000000001,0,-2.63,0,0,0,0.0,0
15.592,-0.7000000000000001,0,-2.63,0,0,0,0.0,0
15.592,-0.7000000000000001,0,-2.63,0,0,0,0.0,0
15.593,-0.7000000000000001,0,-2.63,0,0,0,0.0,0
15.594,-0.7000000000000001,0,-2.63,0,0,0,0.0,0
15.594,-0.7000000000000001,0,-2.63,0,0,0,0.0,0
15.596,-0.7000000000000001,0,-2.63,0,0,0,0.0,0
15.596,-0.7000000000000001,0,-2.63,0,0,0,0.0,0
15.597,-0.7000000000000001,0,-2.63,0,0,0,0.0,0
15.598,-0.7000000000000001,0,-2.63,0,0,0,0.0,0
15.599,-0.7000000000000001,0,-2.63,0,0,0,0.0,0
15.6,-0.7000000000000001,0,-2.63,0,0,0,0.0,0
15.601,-0.7000000000000001,0,-2.63,0,0,0,0.0,0
15.602,-0.7000000000000001,0,-2.63,0,0,0,0.0,0
15.603,-0.7000000000000001,0,-2.63,0,0,0,0.0,0
15.604,-0.7000000000000001,0,-2.63,0,0,0,0.0,0
15.605,-0.7000000000000001,0,-2.63,0,0,0,0.0,0
15.605,-0.7000000000000001,0,-2.63,0,0,0,0.0,0
15.606,-0.7000000000000001,0,-2.63,0,0,0,0.0,0
15.607,-0.7000000000000001,0,-2.63,0,0,0,0.0,0
15.607,-0.7000000000000001,0,-2.63,0,0,0,0.0,0
15.608,-0.7000000000000001,0,-2.63,0,0,0,0.0,0
15.609,-0.7000000000000001,0,-2.63,0,0,0,0.0,0
15.612,-0.7000000000000001,0,-2.63,0,0,0,0.0,0
15.62,-0.7000000000000001,0,-2.63,0,0,0,0.0,0
15.626,-0.7000000000000001,0,-2.63,0,0,0,0.0,0
15.63,-0.7000000000000001,0,-2.63,0,0,0,0.0,0
15.634,-0.7000000000000001,0,-2.63,0,0,0,0.0,0
15.636,-0.7000000000000001,0,-2.63,0,0,0,0.0,0
15.641,-0.7000000000000001,0,-2.63,0,0,0,0.0,0
15.644,-0.7000000000000001,0,-2.63,0,0,0,0.0,0
15.647,-0.7000000000000001,0,-2.63,0,0,0,0.0,0
15.649,-0.7000000000000001,0,-2.63,0,0,0,0.0,0
15.654,-0.7000000000000001,0,-2.63,0,0,0,0.0,0
15.657,-0.7000000000000001,0,-2.63,0,0,0,0.0,0
15.662,-0.7000000000000001,0,-2.63,0,0,0,0.0,0
15.667,-0.7000000000000001,0,-2.63,0,0,0,0.0,0
15.668,-0.7000000000000001,0,-2.63,0,0,0,0.0,0
15.669,-0.7000000000000001,0,-2.63,0,0,0,0.0,0
15.67,-0.7000000000000001,0,-2.63,0,0,0,0.0,0
15.671,-0.7000000000000001,0,-2.63,0,0,0,0.0,0
15.671,-0.7000000000000001,0,-2.63,0,0,0,0.0,0
15.672,-0.7000000000000001,0,-2.63,0,0,0,0.0,0
15.673,-0.7000000000000001,0,-2.63,0,0,0,0.0,0
15.674,-0.7000000000000001,0,-2.63,0,0,0,0.0,0
15.674,-0.7000000000000001,0,-2.63,0,0,0,0.0,0
15.675,-0.7000000000000001,0,-2.63,0,0,0,0.0,0
15.676,-0.7000000000000001,0,-2.63,0,0,0,0.0,0
15.677,-0.7000000000000001,0,-2.63,0,0,0,0.0,0
15.677,-0.7000000000000001,0,-2.63,0,0,0,0.0,0
15.677,-0.7000000000000001,0,-2.63,0,0,0,0.0,0
15.679,-0.7000000000000001,0,-2.63,0,0,0,0.0,0
15.679,-0.7000000000000001,0,-2.63,0,0,0,0.0,0
15.68,-0.7000000000000001,0,-2.63,0,0,0,0.0,0
15.681,-0.7000000000000001,0,-2.63,0,0,0,0.0,0
15.681,-0.7000000000000001,0,-2.63,0,0,0,0.0,0
15.682,-0.7000000000000001,0,-2.63,0,0,0,0.0,0
15.682,-0.7000000000000001,0,-2.63,0,0,0,0.0,0
15.683,-0.7000000000000001,0,-2.63,0,0,0,0.0,0
15.684,-0.7000000000000001,0,-2.63,0,0,0,0.0,0
15.684,-0.7000000000000001,0,-2.63,0,0,0,0.0,0
15.685,-0.7000000000000001,0,-2.63,0,0,0,0.0,0
15.686,-0.7000000000000001,0,-2.63,0,0,0,0.0,0
15.686,-0.7000000000000001,0,-2.63,0,0,0,0.0,0
15.687,-0.7000000000000001,0,-2.63,0,0,0,0.0,0
15.688,-0.7000000000000001,0,-2.63,0,0,0,0.0,0
15.688,-0.7000000000000001,0,-2.63,0,0,0,0.0,0
15.689,-0.7000000000000001,0,-2.63,0,0,0,0.0,0
15.69,-0.7000000000000001,0,-2.63,0,0,0,0.0,0
15.691,-0.7000000000000001,0,-2.63,0,0,0,0.0,0
15.692,-0.7000000000000001,0,-2.63,0,0,0,0.0,0
15.693,-0.7000000000000001,0,-2.63,0,0,0,0.0,0
15.694,-0.7000000000000001,0,-2.63,0,0,0,0.0,0
15.695,-0.7000000000000001,0,-2.63,0,0,0,0.0,0
15.696,-0.7000000000000001,0,-2.63,0,0,0,0.0,0
15.697,-0.7000000000000001,0,-2.63,0,0,0,0.0,0
15.697,-0.7000000000000001,0,-2.63,0,0,0,0.0,0
15.698,-0.7000000000000001,0,-2.63,0,0,0,0.0,0
15.699,-0.7000000000000001,0,-2.63,0,0,0,0.0,0
15.699,-0.7000000000000001,0,-2.63,0,0,0,0.0,0
15.7,-0.7000000000000001,0,-2.63,0,0,0,0.0,0
15.701,-0.7000000000000001,0,-2.63,0,0,0,0.0,0
15.701,-0.7000000000000001,0,-2.63,0,0,0,0.0,0
15.702,-0.7000000000000001,0,-2.63,0,0,0,0.0,0
15.703,-0.7000000000000001,0,-2.63,0,0,0,0.0,0
15.704,-0.7000000000000001,0,-2.63,0,0,0,0.0,0
15.705,-0.7000000000000001,0,-2.63,0,0,0,0.0,0
15.706,-0.7000000000000001,0,-2.63,0,0,0,0.0,0
15.706,-0.7000000000000001,0,-2.63,0,0,0,0.0,0
15.707,-0.7000000000000001,0,-2.63,0,0,0,0.0,0
15.708,-0.7000000000000001,0,-2.63,0,0,0,0.0,0
15.709,-0.7000000000000001,0,-2.63,0,0,0,0.0,0
15.71,-0.7000000000000001,0,-2.63,0,0,0,0.0,0
15.71,-0.7000000000000001,0,-2.63,0,0,0,0.0,0
15.711,-0.7000000000000001,0,-2.63,0,0,0,0.0,0
15.712,-0.7000000000000001,0,-2.63,0,0,0,0.0,0
15.712,-0.7000000000000001,0,-2.63,0,0,0,0.0,0
15.713,-0.7000000000000001,0,-2.63,0,0,0,0.0,0
15.714,-0.7000000000000001,0,-2.63,0,0,0,0.0,0
15.715,-0.7000000000000001,0,-2.63,0,0,0,0.0,0
15.716,-0.7000000000000001,0,-2.63,0,0,0,0.0,0
15.716,-0.7000000000000001,0,-2.63,0,0,0,0.0,0
15.717,-0.7000000000000001,0,-2.63,0,0,0,0.0,0
15.717,-0.7000000000000001,0,-2.63,0,0,0,0.0,0
15.719,-0.7000000000000001,0,-2.63,0,0,0,0.0,0
15.728,-0.7000000000000001,0,-2.63,0,0,0,0.0,0
15.735,-0.7000000000000001,0,-2.63,0,0,0,0.0,0
15.736,-0.7000000000000001,0,-2.63,0,0,0,0.0,0
15.741,-0.7000000000000001,0,-2.63,0,0,0,0.0,0
15.744,-0.7000000000000001,0,-2.63,0,0,0,0.0,0
15.751,-0.7000000000000001,0,-2.63,0,0,0,0.0,0
15.755,-0.7000000000000001,0,-2.63,0,0,0,0.0,0
15.762,-0.7000000000000001,0,-2.63,0,0,0,0.0,0
15.764,-0.7000000000000001,0,-2.63,0,0,0,0.0,0
15.773,-0.7000000000000001,0,-2.63,0,0,0,0.0,0
15.784,-0.7000000000000001,0,-2.63,0,0,0,0.0,0
15.79,-0.7000000000000001,0,-2.63,0,0,0,0.0,0
15.794,-0.7000000000000001,0,-2.63,0,0,0,0.0,0
15.795,-0.7000000000000001,0,-2.63,0,0,0,0.0,0
15.796,-0.7000000000000001,0,-2.63,0,0,0,0.0,0
15.797,-0.7000000000000001,0,-2.63,0,0,0,0.0,0
15.798,-0.7000000000000001,0,-2.63,0,0,0,0.0,0
15.799,-0.7000000000000001,0,-2.63,0,0,0,0.0,0
15.8,-0.7000000000000001,0,-2.63,0,0,0,0.0,0
15.801,-0.7000000000000001,0,-2.63,0,0,0,0.0,0
15.802,-0.7000000000000001,0,-2.63,0,0,0,0.0,0
15.803,-0.7000000000000001,0,-2.63,0,0,0,0.0,0
15.804,-0.7000000000000001,0,-2.63,0,0,0,0.0,0
15.805,-0.7000000000000001,0,-2.63,0,0,0,0.0,0
15.806,-0.7000000000000001,0,-2.63,0,0,0,0.0,0
15.807,-0.7000000000000001,0,-2.63,0,0,0,0.0,0
15.809,-0.7000000000000001,0,-2.63,0,0,0,0.0,0
15.81,-0.7000000000000001,0,-2.63,0,0,0,0.0,0
15.811,-0.7000000000000001,0,-2.63,0,0,0,0.0,0
15.812,-0.7000000000000001,0,-2.63,0,0,0,0.0,0
15.813,-0.7000000000000001,0,-2.63,0,0,0,0.0,0
15.813,-0.7000000000000001,0,-2.63,0,0,0,0.0,0
15.815,-0.7000000000000001,0,-2.63,0,0,0,0.0,0
15.816,-0.7000000000000001,0,-2.63,0,0,0,0.0,0
15.817,-0.7000000000000001,0,-2.63,0,0,0,0.0,0
15.818,-0.7000000000000001,0,-2.63,0,0,0,0.0,0
15.843,-0.7000000000000001,0,-2.63,0,0,0,0.0,0
15.846,-0.7000000000000001,0,-2.63,0,0,0,0.0,0
15.858,-0.7000000000000001,0,-2.63,0,0,0,0.0,0
15.865,-0.7000000000000001,0,-2.63,0,0,0,0.0,0
15.871,-0.7000000000000001,0,-2.63,0,0,0,0.0,0
15.876,-0.7000000000000001,0,-2.63,0,0,0,0.0,0
15.884,-0.7000000000000001,0,-2.63,0,0,0,0.0,0
15.891,-0.7000000000000001,0,-2.63,0,0,0,0.0,0
15.899,-0.7000000000000001,0,-2.63,0,0,0,0.0,0
15.915,-0.7000000000000001,0,-2.63,0,0,0,0.0,0
15.922,-0.7000000000000001,0,-2.63,0,0,0,0.0,0
15.931,-0.7000000000000001,0,-2.63,0,0,0,0.0,0
15.937,-0.7000000000000001,0,-2.63,0,0,0,0.0,0
15.953,-0.7000000000000001,0,-2.63,0,0,0,0.0,0
15.968,-0.7000000000000001,0,-2.63,0,0,0,0.0,0
15.979,-0.7000000000000001,0,-2.63,0,0,0,0.0,0
15.991,-0.7000000000000001,0,-2.63,0,0,0,0.0,0
16.001,-0.7000000000000001,0,-2.63,0,0,0,0.0,0
16.013,-0.7000000000000001,0,-2.63,0,0,0,0.0,0
16.024,-0.7000000000000001,0,-2.63,0,0,0,0.0,0
16.03,-0.7000000000000001,0,-2.63,0,0,0,0.0,0
16.032,-0.7000000000000001,0,-2.63,0,0,0,0.0,0
16.033,-0.7000000000000001,0,-2.63,0,0,0,0.0,0
16.033,-0.7000000000000001,0,-2.63,0,0,0,0.0,0
16.034,-0.7000000000000001,0,-2.63,0,0,0,0.0,0
16.035,-0.7000000000000001,0,-2.63,0,0,0,0.0,0
16.036,-0.7000000000000001,0,-2.63,0,0,0,0.0,0
16.036,-0.7000000000000001,0,-2.63,0,0,0,0.0,0
16.037,-0.7000000000000001,0,-2.63,0,0,0,0.0,0
16.038,-0.7000000000000001,0,-2.63,0,0,0,0.0,0
16.039,-0.7000000000000001,0,-2.63,0,0,0,0.0,0
16.04,-0.7000000000000001,0,-2.63,0,0,0,0.0,0
16.042,-0.7000000000000001,0,-2.63,0,0,0,0.0,0
16.042,-0.7000000000000001,0,-2.63,0,0,0,0.0,0
16.044,-0.7000000000000001,0,-2.63,0,0,0,0.0,0
16.045,-0.7000000000000001,0,-2.63,0,0,0,0.0,0
16.046,-0.7000000000000001,0,-2.63,0,0,0,0.0,0
16.047,-0.7000000000000001,0,-2.63,0,0,0,0.0,0
16.049,-0.7000000000000001,0,-2.63,0,0,0,0.0,0
16.05,-0.7000000000000001,0,-2.63,0,0,0,0.0,0
16.071,-0.7000000000000001,0,-2.63,0,0,0,0.0,0
16.083,-0.7000000000000001,0,-2.63,0,0,0,0.0,0
16.097,-0.7000000000000001,0,-2.63,0,0,0,0.0,0
16.105,-0.7000000000000001,0,-2.63,0,0,0,0.0,0
16.113,-0.7000000000000001,0,-2.63,0,0,0,0.0,0
16.127,-0.7000000000000001,0,-2.63,0,0,0,0.0,0
16.137,-0.7000000000000001,0,-2.63,0,0,0,0.0,0
16.14,-0.7000000000000001,0,-2.63,0,0,0,0.0,0
16.142,-0.7000000000000001,0,-2.63,0,0,0,0.0,0
16.143,-0.7000000000000001,0,-2.63,0,0,0,0.0,0
16.144,-0.7000000000000001,0,-2.63,0,0,0,0.0,0
16.145,-0.7000000000000001,0,-2.63,0,0,0,0.0,0
16.146,-0.7000000000000001,0,-2.63,0,0,0,0.0,0
16.148,-0.7000000000000001,0,-2.63,0,0,0,0.0,0
16.149,-0.7000000000000001,0,-2.63,0,0,0,0.0,0
16.15,-0.7000000000000001,0,-2.63,0,0,0,0.0,0
16.151,-0.7000000000000001,0,-2.63,0,0,0,0.0,0
16.152,-0.7000000000000001,0,-2.63,0,0,0,0.0,0
16.153,-0.7000000000000001,0,-2.63,0,0,0,0.0,0
16.154,-0.7000000000000001,0,-2.63,0,0,0,0.0,0
16.156,-0.7000000000000001,0,-2.63,0,0,0,0.0,0
16.157,-0.7000000000000001,0,-2.63,0,0,0,0.0,0
16.16,-0.7000000000000001,0,-2.63,0,0,0,0.0,0
16.179,-0.7000000000000001,0,-2.63,0,0,0,0.0,0
16.192,-0.7000000000000001,0,-2.63,0,0,0,0.0,0
16.203,-0.7000000000000001,0,-2.63,0,0,0,0.0,0
16.213,-0.7000000000000001,0,-2.63,0,0,0,0.0,0
16.223,-0.7000000000000001,0,-2.63,0,0,0,0.0,0
16.223,-0.7000000000000001,0,-2.63,0,0,0,0.0,0
16.232,-0.7000000000000001,0,-2.63,0,0,0,0.0,0
16.237,-0.7000000000000001,0,-2.63,0,0,0,0.0,0
16.238,-0.7000000000000001,0,-2.63,0,0,0,0.0,0
16.24,-0.7000000000000001,0,-2.63,0,0,0,0.0,0
16.24,-0.7000000000000001,0,-2.63,0,0,0,0.0,0
16.243,-0.7000000000000001,0,-2.63,0,0,0,0.0,0
16.244,-0.7000000000000001,0,-2.63,0,0,0,0.0,0
16.245,-0.7000000000000001,0,-2.63,0,0,0,0.0,0
16.247,-0.7000000000000001,0,-2.63,0,0,0,0.0,0
16.248,-0.7000000000000001,0,-2.63,0,0,0,0.0,0
16.25,-0.7000000000000001,0,-2.63,0,0,0,0.0,0
16.251,-0.7000000000000001,0,-2.63,0,0,0,0.0,0
16.252,-0.7000000000000001,0,-2.63,0,0,0,0.0,0
16.253,-0.7000000000000001,0,-2.63,0,0,0,0.0,0
16.254,-0.7000000000000001,0,-2.63,0,0,0,0.0,0
16.255,-0.7000000000000001,0,-2.63,0,0,0,0.0,0
16.257,-0.7000000000000001,0,-2.63,0,0,0,0.0,0
16.258,-0.7000000000000001,0,-2.63,0,0,0,0.0,0
16.259,-0.7000000000000001,0,-2.63,0,0,0,0.0,0
16.261,-0.7000000000000001,0,-2.63,0,0,0,0.0,0
16.262,-0.7000000000000001,0,-2.63,0,0,0,0.0,0
16.263,-0.7000000000000001,0,-2.63,0,0,0,0.0,0
16.264,-0.7000000000000001,0,-2.63,0,0,0,0.0,0
16.266,-0.7000000000000001,0,-2.63,0,0,0,0.0,0
16.28,-0.7000000000000001,0,-2.63,0,0,0,0.0,0
16.287,-0.7000000000000001,0,-2.63,0,0,0,0.0,0
16.293,-0.7000000000000001,0,-2.63,0,0,0,0.0,0
16.298,-0.7000000000000001,0,-2.63,0,0,0,0.0,0
16.306,-0.7000000000000001,0,-2.63,0,0,0,0.0,0
16.31,-0.7000000000000001,0,-2.63,0,0,0,0.0,0
16.316,-0.7000000000000001,0,-2.63,0,0,0,0.0,0
16.326,-0.7000000000000001,0,-2.63,0,0,0,0.0,0
16.334,-0.7000000000000001,0,-2.63,0,0,0,0.0,0
16.336,-0.7000000000000001,0,-2.63,0,0,0,0.0,0
16.337,-0.7000000000000001,0,-2.63,0,0,0,0.0,0
16.338,-0.7000000000000001,0,-2.63,0,0,0,0.0,0
16.339,-0.7000000000000001,0,-2.63,0,0,0,0.0,0
16.341,-0.7000000000000001,0,-2.63,0,0,0,0.0,0
16.342,-0.7000000000000001,0,-2.63,0,0,0,0.0,0
16.344,-0.7000000000000001,0,-2.63,0,0,0,0.0,0
16.346,-0.7000000000000001,0,-2.63,0,0,0,0.0,0
16.347,-0.7000000000000001,0,-2.63,0,0,0,0.0,0
16.348,-0.7000000000000001,0,-2.63,0,0,0,0.0,0
16.35,-0.7000000000000001,0,-2.63,0,0,0,0.0,0
16.351,-0.7000000000000001,0,-2.63,0,0,0,0.0,0
16.353,-0.7000000000000001,0,-2.63,0,0,0,0.0,0
16.354,-0.7000000000000001,0,-2.63,0,0,0,0.0,0
16.356,-0.7000000000000001,0,-2.63,0,0,0,0.0,0
16.357,-0.7000000000000001,0,-2.63,0,0,0,0.0,0
16.358,-0.7000000000000001,0,-2.63,0,0,0,0.0,0
16.36,-0.7000000000000001,0,-2.63,0,0,0,0.0,0
16.361,-0.7000000000000001,0,-2.63,0,0,0,0.0,0
16.363,-0.7000000000000001,0,-2.63,0,0,0,0.0,0
16.364,-0.7000000000000001,0,-2.63,0,0,0,0.0,0
16.365,-0.7000000000000001,0,-2.63,0,0,0,0.0,0
16.366,-0.7000000000000001,0,-2.63,0,0,0,0.0,0
16.367,-0.7000000000000001,0,-2.63,0,0,0,0.0,0
16.368,-0.7000000000000001,0,-2.63,0,0,0,0.0,0
16.369,-0.7000000000000001,0,-2.63,0,0,0,0.0,0
16.37,-0.7000000000000001,0,-2.63,0,0,0,0.0,0
16.371,-0.7000000000000001,0,-2.63,0,0,0,0.0,0
16.372,-0.7000000000000001,0,-2.63,0,0,0,0.0,0
16.373,-0.7000000000000001,0,-2.63,0,0,0,0.0,0
16.374,-0.7000000000000001,0,-2.63,0,0,0,0.0,0
16.376,-0.7000000000000001,0,-2.63,0,0,0,0.0,0
16.389,-0.7000000000000001,0,-2.63,0,0,0,0.0,0
16.405,-0.7000000000000001,0,-2.63,0,0,0,0.0,0
16.423,-0.7000000000000001,0,-2.63,0,0,0,0.0,0
16.425,-0.7000000000000001,0,-2.63,0,0,0,0.0,0
16.426,-0.7000000000000001,0,-2.63,0,0,0,0.0,0
16.427,-0.7000000000000001,0,-2.63,0,0,0,0.0,0
16.429,-0.7000000000000001,0,-2.63,0,0,0,0.0,0
16.43,-0.7000000000000001,0,-2.63,0,0,0,0.0,0
16.44,-0.7000000000000001,0,-2.63,0,0,0,0.0,0
16.445,-0.7000000000000001,0,-2.63,0,0,0,0.0,0
16.448,-0.7000000000000001,0,-2.63,0,0,0,0.0,0
16.454,-0.7000000000000001,0,-2.63,0,0,0,0.0,0
16.463,-0.7000000000000001,0,-2.63,0,0,0,0.0,0
16.464,-0.7000000000000001,0,-2.63,0,0,0,0.0,0
16.467,-0.7000000000000001,0,-2.63,0,0,0,0.0,0
16.468,-0.7000000000000001,0,-2.63,0,0,0,0.0,0
16.47,-0.7000000000000001,0,-2.63,0,0,0,0.0,0
16.471,-0.7000000000000001,0,-2.63,0,0,0,0.0,0
16.472,-0.7000000000000001,0,-2.63,0,0,0,0.0,0
16.474,-0.7000000000000001,0,-2.63,0,0,0,0.0,0
